--------------------------------------
     INPUT SECTION
--------------------------------------
File selected:  v2_3_18.out
Number of states selected:  30
Selected states selected:  [1, 2, 3, 4, 5, 6, 7, 8, 9, 10, 11, 12, 13, 14, 15, 16, 17, 18, 19, 20, 21, 22, 23, 24, 25, 26, 27, 28, 29, 30]
 
------------------------
 RAS-CI RESULTS
------------------------
g-factor (x y z dimensions):
-22.294 -23.774 -36.923

----------------------
 G-TENSOR ANALYSIS
----------------------
g-shift cut-off: 47.759 50.018 89.284
 
state config. symmetry unpaired orb     gxx      gyy     gzz
    1       1      1Ag     22,23,24      --       --      --
    2       1      2Ag     22,23,31    -0.0   -0.002 178.567
    2       2      2Ag     22,23,28    -0.0   -0.002 178.567
    4       1      4Ag     22,24,29 -17.944 -100.035    -0.0
    4       2      4Ag     22,24,36 -17.944 -100.035    -0.0
    5       1      5Ag     23,24,28 -95.518   17.143     0.0
    5       2      5Ag     23,24,31 -95.518   17.143     0.0
    5       3      5Ag     22,23,29 -95.518   17.143     0.0
    5       4      5Ag     22,23,36 -95.518   17.143     0.0

-------------------------------
 IMPROVED ACTIVE SPACE BY G-TENSOR
-------------------------------
Initial active space (HOMO = 24 ): [ 3 , 18 ] ; [22, 23, 24, 29, 30, 31, 32, 36, 62, 63, 77, 78, 79, 81, 82, 83, 84, 85]
Final active space (HOMO = 24 ): [ 3 , 7 ] ; [22, 23, 24, 28, 29, 31, 36]
 
------------------------
 EXCITED STATES ANALYSIS
------------------------
Configurations cut-off: 0.5
state config sym hole  part unpairedorb amplitude     e    socc    lk   s2
    1      1 1Ag  2.1  0.43    22,23,24      0.98   0.0     0.0   0.0 3.75
    2      1 2Ag 0.47 62.27    22,23,31       0.6 0.886 207.253 -1.54 3.75
    2      2 2Ag 0.47 62.27    22,23,28      0.59 0.886 207.253 -1.54 3.75
    4      1 4Ag 4.53 11.83    22,24,29      0.71 1.811 214.897   1.7 3.75
    4      2 4Ag 4.53 11.83    22,24,36      0.57 1.811 214.897   1.7 3.75
    5      1 5Ag 3.57 46.67    23,24,28      0.49  2.09 214.691 1.875 3.75
    5      2 5Ag 3.57 46.67    23,24,31      0.49  2.09 214.691 1.875 3.75
    5      3 5Ag 3.57 46.67    22,23,29      0.39  2.09 214.691 1.875 3.75
    5      4 5Ag 3.57 46.67    22,23,36      0.32  2.09 214.691 1.875 3.75

States multiplicity: 
- 0 Singlet states:  []
- 0 Doublet states:  []
- 0 Triplet states:  []
- 28 Quartet states:  [1, 2, 3, 4, 5, 6, 7, 8, 10, 11, 12, 13, 14, 15, 16, 17, 18, 19, 20, 21, 22, 23, 25, 26, 27, 28, 29, 30]
- 0 Quintet states:  []
 
--------------------------------
 IMPROVED ACTIVE SPACE BY SOC AND L
--------------------------------
Initial active space (HOMO = 24 ): [ 3 , 18 ] ; [22, 23, 24, 29, 30, 31, 32, 36, 62, 63, 77, 78, 79, 81, 82, 83, 84, 85]
Final active space (HOMO = 24 ): [ 3 , 7 ] ; [22, 23, 24, 28, 29, 31, 36]
 
--------------------------------
 SUM-OVER-STATE ANALYSIS
--------------------------------
 state     gxx      gyy     gzz
     1   0.000    0.000   0.000
     2  -0.000   -0.002 178.567
     3   0.000   -0.000   0.000
     4 -17.944 -100.035  -0.000
     5 -95.518   17.143   0.000
     6   1.323   -0.239  -0.000
     7   0.000    0.000   7.709
     8   0.531   -0.094   0.000
     9  -0.000    0.000  -0.000
    10  -0.000    0.000  -0.000
    11   0.000    0.000  -1.160
    12   0.000    0.000  -0.158
    13   0.047   -0.008   0.000
    14  -0.000   -0.000 -13.169
    15   0.816    4.547  -0.002
    16   0.001    0.003   0.912
    17   0.000   -0.000   0.000
    18  -0.000   -0.000  10.308
    19  -0.171   -0.955  -0.000
    20  -0.000   -0.000  -1.016
    21  -0.124    0.022  -0.000
    22  -0.007   -0.040  -0.000
    23   0.391   -0.070  -0.000
    24  -0.000    0.000  -0.000
    25  -0.043    0.008  -0.000
    26  -0.000    0.000  -0.000
    27  -0.032    0.006   0.000
    28  -0.001   -0.004  -0.000
    29  -0.036   -0.201   0.000
    30   0.000    0.000   0.065

