--------------------------------------
     INPUT SECTION
--------------------------------------
File selected:  v2_3_3.out
Number of states selected:  200
Selected states selected:  [1, 2, 3, 4, 5, 6, 7, 8, 9, 10, 11, 12, 13, 14, 15, 16, 17, 18, 19, 20, 21, 22, 23, 24, 25, 26, 27, 28, 29, 30, 31, 32, 33, 34, 35, 36, 37, 38, 39, 40, 41, 42, 43, 44, 45, 46, 47, 48, 49, 50, 51, 52, 53, 54, 55, 56, 57, 58, 59, 60, 61, 62, 63, 64, 65, 66, 67, 68, 69, 70, 71, 72, 73, 74, 75, 76, 77, 78, 79, 80, 81, 82, 83, 84, 85, 86, 87, 88, 89, 90, 91, 92, 93, 94, 95, 96, 97, 98, 99, 100, 101, 102, 103, 104, 105, 106, 107, 108, 109, 110, 111, 112, 113, 114, 115, 116, 117, 118, 119, 120, 121, 122, 123, 124, 125, 126, 127, 128, 129, 130, 131, 132, 133, 134, 135, 136, 137, 138, 139, 140, 141, 142, 143, 144, 145, 146, 147, 148, 149, 150, 151, 152, 153, 154, 155, 156, 157, 158, 159, 160, 161, 162, 163, 164, 165, 166, 167, 168, 169, 170, 171, 172, 173, 174, 175, 176, 177, 178, 179, 180, 181, 182, 183, 184, 185, 186, 187, 188, 189, 190, 191, 192, 193, 194, 195, 196, 197, 198, 199, 200]
 
------------------------
 RAS-CI RESULTS
------------------------
g-factor (x y z dimensions):
-28.459 -16.086 -279.368

----------------------
 G-TENSOR ANALYSIS
----------------------
g-shift cut-off: 60.406 17.427 360.737
 
state config. symmetry unpaired orb     gxx     gyy     gzz
    1       1      1Ag     22,23,24      --      --      --
    2       1      2Ag     22,23,31   0.004   0.021 721.474
    2       2      2Ag     23,24,31   0.004   0.021 721.474
    3       1      3Ag     22,24,32  -0.081  -0.291 541.337
    3       2      3Ag     22,24,29  -0.081  -0.291 541.337
    5       1      5Ag     23,24,30 120.813 -34.854     0.0
    5       2      5Ag     22,23,30 120.813 -34.854     0.0
    5       3      5Ag     23,24,36 120.813 -34.854     0.0
    5       4      5Ag     22,23,36 120.813 -34.854     0.0
   10       1     10Ag     22,23,28   8.061  27.927  -0.014
   10       2     10Ag     23,24,28   8.061  27.927  -0.014
   10       3     10Ag     22,23,35   8.061  27.927  -0.014
   10       4     10Ag     23,24,35   8.061  27.927  -0.014

-------------------------------
 IMPROVED ACTIVE SPACE BY G-TENSOR
-------------------------------
Initial active space (HOMO = 24 ): [ 3 , 3 ] ; [22, 23, 24]
Final active space (HOMO = 24 ): [ 3 , 10 ] ; [22, 23, 24, 28, 29, 30, 31, 32, 35, 36]
 
------------------------
 EXCITED STATES ANALYSIS
------------------------
Configurations cut-off: 0.5
state config   sym hole  part unpairedorb amplitude      e    socc     lk   s2
    1      1   1Ag  0.0   0.0    22,23,24       1.0    0.0     0.0    0.0 3.75
    2      1   2Ag  0.0 100.0    22,23,31      0.67  0.348 253.623 -1.995 3.75
    2      2   2Ag  0.0 100.0    23,24,31       0.5  0.348 253.623 -1.995 3.75
    3      1   3Ag 0.01 99.99    22,24,32      0.69  0.382 232.962 -1.789 3.75
    3      2   3Ag 0.01 99.99    22,24,29      0.48  0.382 232.962 -1.789 3.75
    5      1   5Ag 0.26 99.74    23,24,30      0.49  1.752 226.226 -1.886 3.75
    5      2   5Ag 0.26 99.74    22,23,30      0.45  1.752 226.226 -1.886 3.75
    5      3   5Ag 0.26 99.74    23,24,36      0.44  1.752 226.226 -1.886 3.75
    5      4   5Ag 0.26 99.74    22,23,36       0.4  1.752 226.226 -1.886 3.75
  122      1 113Ag  0.0 100.0    22,23,63      0.85 49.511 230.365 -0.723 3.75
  123      1 114Ag  0.0 100.0    22,23,62      0.79  49.52 232.453  0.446 3.75
  123      2 114Ag  0.0 100.0    23,24,62      0.52  49.52 232.453  0.446 3.75
  161      1 150Ag  0.0 100.0    22,24,84      0.66 72.376 356.594  0.001 3.75
  161      2 150Ag  0.0 100.0    22,24,78       0.6 72.376 356.594  0.001 3.75
  161      3 150Ag  0.0 100.0    22,24,79      0.38 72.376 356.594  0.001 3.75
  162      1 151Ag  0.0 100.0    22,23,85      0.61 72.452 296.392 -0.001 3.75
  162      2 151Ag  0.0 100.0    22,23,77      0.44 72.452 296.392 -0.001 3.75
  162      3 151Ag  0.0 100.0    23,24,77      0.44 72.452 296.392 -0.001 3.75
  162      4 151Ag  0.0 100.0    23,24,85      0.42 72.452 296.392 -0.001 3.75
  166      1 155Ag  0.0 100.0    23,24,83      0.61 72.953 283.994  0.737 3.75
  166      2 155Ag  0.0 100.0    22,23,83       0.5 72.953 283.994  0.737 3.75
  166      3 155Ag  0.0 100.0    22,24,81      0.45 72.953 283.994  0.737 3.75
  168      1 157Ag  0.0 100.0    22,23,81      0.63 73.013 309.018 -0.743 3.75
  168      2 157Ag  0.0 100.0    23,24,82      0.51 73.013 309.018 -0.743 3.75
  168      3 157Ag  0.0 100.0    22,24,83      0.42 73.013 309.018 -0.743 3.75
  168      4 157Ag  0.0 100.0    23,24,81      0.36 73.013 309.018 -0.743 3.75

States multiplicity: 
- 0 Singlet states:  []
- 0 Doublet states:  []
- 0 Triplet states:  []
- 200 Quartet states:  [1, 2, 3, 4, 5, 6, 7, 8, 9, 10, 11, 12, 13, 14, 15, 16, 17, 18, 19, 20, 21, 22, 23, 24, 25, 26, 27, 28, 29, 30, 31, 32, 33, 34, 35, 36, 37, 38, 39, 40, 41, 42, 43, 44, 45, 46, 47, 48, 49, 50, 51, 52, 53, 54, 55, 56, 57, 58, 59, 60, 61, 62, 63, 64, 65, 66, 67, 68, 69, 70, 71, 72, 73, 74, 75, 76, 77, 78, 79, 80, 81, 82, 83, 84, 85, 86, 87, 88, 89, 90, 91, 92, 93, 94, 95, 96, 97, 98, 99, 100, 101, 102, 103, 104, 105, 106, 107, 108, 109, 110, 111, 112, 113, 114, 115, 116, 117, 118, 119, 120, 121, 122, 123, 124, 125, 126, 127, 128, 129, 130, 131, 132, 133, 134, 135, 136, 137, 138, 139, 140, 141, 142, 143, 144, 145, 146, 147, 148, 149, 150, 151, 152, 153, 154, 155, 156, 157, 158, 159, 160, 161, 162, 163, 164, 165, 166, 167, 168, 169, 170, 171, 172, 173, 174, 175, 176, 177, 178, 179, 180, 181, 182, 183, 184, 185, 186, 187, 188, 189, 190, 191, 192, 193, 194, 195, 196, 197, 198, 199, 200]
- 0 Quintet states:  []
 
--------------------------------
 IMPROVED ACTIVE SPACE BY SOC AND L
--------------------------------
Initial active space (HOMO = 24 ): [ 3 , 3 ] ; [22, 23, 24]
Final active space (HOMO = 24 ): [ 3 , 18 ] ; [22, 23, 24, 29, 30, 31, 32, 36, 62, 63, 77, 78, 79, 81, 82, 83, 84, 85]
 
--------------------------------
 SUM-OVER-STATE ANALYSIS
--------------------------------
 state     gxx     gyy     gzz
     1   0.000   0.000   0.000
     2   0.004   0.021 721.474
     3  -0.081  -0.291 541.337
     4   0.082  -0.024   0.000
     5 120.813 -34.854   0.000
     6  -8.625   2.492   0.000
     7  -4.856 -16.806  -0.032
     8  -0.000   0.000   0.000
     9  -1.915  -6.637   0.015
    10   8.061  27.927  -0.014
    11  -3.833   1.106   0.000
    12  -3.271 -11.344   0.010
    13  -0.000   0.000  -0.000
    14  -0.076   0.016  -0.000
    15   0.000  -0.000   0.000
    16   2.150   7.470  -0.001
    17   0.000   0.000   0.001
    18   0.201  -0.058  -0.000
    19  -0.070   0.020  -0.000
    20  -0.000   0.000   0.000
    21   0.000  -0.000   0.000
    22  -0.000  -0.000  -0.002
    23   0.373  -0.108  -0.000
    24  -0.165  -0.573   0.000
    25  -0.160  -0.555   0.000
    26   0.006   0.020  -0.000
    27  -0.000  -0.001   0.005
    28  -0.026  -0.089  -0.000
    29  -0.000   0.000  -0.000
    30  -0.620   0.178   0.000
    31  -0.230   0.066  -0.000
    32  -0.000   0.000   0.000
    33   0.000   0.001  -0.009
    34  -0.000   0.000   0.000
    35   0.000  -0.000   0.000
    36   0.000  -0.000   0.000
    37  -0.000  -0.000  -0.002
    38   0.045   0.156  -0.000
    39   0.730  -0.211   0.000
    40  -0.053   0.015   0.000
    41  -0.147  -0.507   0.000
    42   0.000  -0.000   0.000
    43   0.088  -0.025  -0.000
    44   0.021   0.074  -0.000
    45   0.000  -0.000   0.000
    46  -0.000  -0.001  -0.030
    47   0.000  -0.000  -0.000
    48  -0.000  -0.000  -0.000
    49   0.000   0.000  -0.004
    50  -0.000  -0.000  -0.023
    51   0.000  -0.000  -0.000
    52  -0.000   0.000  -0.000
    53  -0.000   0.000  -0.000
    54   0.000  -0.000  -0.000
    55  -0.000  -0.000   0.000
    56   0.065  -0.019  -0.000
    57   0.039   0.136  -0.000
    58   0.000  -0.000   0.000
    59   0.000  -0.000  -0.000
    60   0.000   0.000   0.001
    61   0.002   0.007   0.000
    62   0.000  -0.000   0.000
    63  -0.026   0.008  -0.000
    64   0.006   0.021   0.000
    65   0.016  -0.005  -0.000
    66  -0.000   0.000  -0.000
    67  -0.000  -0.000   0.010
    68  -0.000  -0.000   0.000
    69  -0.000   0.000  -0.000
    70   0.000   0.000   0.006
    71  -0.000   0.000  -0.000
    72   0.000  -0.000   0.000
    73  -0.000  -0.000  -0.000
    74   0.774  -0.224   0.000
    75  -0.052  -0.180   0.000
    76   0.193   0.668  -0.000
    77  -0.144   0.042  -0.000
    78  -0.057   0.016  -0.000
    79   0.009   0.032  -0.000
    80   0.000  -0.000   0.000
    81  -0.000  -0.000  -0.002
    82  -0.000   0.000  -0.000
    83   0.000   0.000  -0.018
    84   0.000  -0.000   0.000
    85  -0.000  -0.000  -0.010
    86  -0.000  -0.000   0.012
    87  -0.000   0.000   0.000
    88  -0.000   0.000  -0.000
    89  -0.334   0.097   0.000
    90   0.191   0.660  -0.000
    91   0.355  -0.102   0.000
    92   0.009   0.030  -0.000
    93   0.048  -0.014  -0.000
    94   0.014   0.048   0.000
    95  -0.000   0.000   0.000
    96   0.000  -0.000   0.000
    97   0.000  -0.000  -0.000
    98  -0.000  -0.000  -0.001
    99  -0.000  -0.000  -0.010
   100  -0.118   0.034   0.000
   101  -0.019  -0.066  -0.000
   102   0.000   0.000  -0.008
   103   0.000   0.000  -0.003
   104   0.008   0.028   0.000
   105  -0.000  -0.002  -0.000
   106  -0.000   0.000   0.000
   107  -0.004   0.001  -0.000
   108   0.003  -0.001  -0.000
   109  -0.000   0.000   0.000
   110  -0.000   0.000   0.000
   111   0.000  -0.000   0.000
   112   0.000   0.000  -0.000
   113  -0.044   0.012   0.000
   114  -0.049  -0.170   0.000
   115  -0.005  -0.019  -0.000
   116  -0.026   0.007  -0.000
   117   0.044   0.155   0.000
   118  -0.009   0.003   0.000
   119   0.000  -0.000  -0.000
   120  -0.000   0.000  -0.000
   121   0.000   0.000   0.000
   122   1.669  -0.483  -0.000
   123  -0.301  -1.039   0.000
   124  -0.394   0.105  -0.000
   125   0.266   0.932   0.000
   126  -0.009   0.003  -0.000
   127   0.004   0.014  -0.000
   128  -0.000   0.000   0.000
   129   0.000  -0.000   0.000
   130  -0.000  -0.000  -0.000
   131  -0.031   0.009   0.000
   132   0.038   0.132   0.000
   133   0.000  -0.000  -0.000
   134   0.023   0.080  -0.000
   135   0.199  -0.057  -0.000
   136   0.118  -0.034   0.000
   137  -0.021  -0.072  -0.000
   138  -0.000   0.000  -0.000
   139  -0.000  -0.000   0.000
   140  -0.000  -0.000   0.000
   141   0.000  -0.000   0.000
   142   0.000   0.000   0.000
   143  -0.000   0.000  -0.000
   144  -0.000  -0.000   0.000
   145  -0.000   0.000   0.000
   146   0.009  -0.003   0.000
   147  -0.034  -0.118  -0.000
   148   0.000  -0.000  -0.000
   149  -0.000  -0.000  -0.000
   150   0.066  -0.019  -0.000
   151  -0.032  -0.110  -0.000
   152  -0.000   0.000   0.000
   153   0.015   0.053  -0.000
   154   0.130  -0.038  -0.000
   155  -0.003   0.001   0.000
   156  -0.001  -0.002   0.000
   157   0.000   0.000   0.001
   158   0.022  -0.006   0.000
   159   0.003   0.011   0.000
   160  -0.000   0.000  -0.000
   161  -0.000  -0.000  -0.001
   162   0.000   0.000   0.001
   163  -0.000   0.000  -0.000
   164  -0.016  -0.056  -0.000
   165   0.052  -0.015  -0.000
   166  -1.423   0.412   0.000
   167  -0.256   0.076  -0.000
   168   0.453   1.559  -0.000
   169  -0.004  -0.015  -0.000
   170  -0.061   0.018  -0.000
   171   0.000  -0.000   0.000
   172  -0.007  -0.026  -0.000
   173   0.000   0.000  -0.000
   174   0.000  -0.000  -0.000
   175  -0.000   0.000   0.000
   176   0.000  -0.000   0.000
   177   0.000   0.000   0.000
   178  -0.000  -0.000  -0.000
   179  -0.000  -0.000  -0.000
   180  -0.000   0.000  -0.000
   181   0.000  -0.000   0.000
   182   0.000  -0.000   0.000
   183   0.000  -0.000  -0.000
   184  -0.000   0.000   0.000
   185   0.000   0.000  -0.000
   186   0.140  -0.040  -0.000
   187  -0.000  -0.000  -0.001
   188   0.036   0.124   0.000
   189  -0.000  -0.000  -0.000
   190  -0.000  -0.000  -0.000
   191  -0.003  -0.010   0.000
   192  -0.004   0.001  -0.000
   193  -0.000  -0.000   0.000
   194  -0.000   0.000  -0.000
   195  -0.000   0.000  -0.000
   196   0.000  -0.000   0.000
   197   0.000  -0.000   0.000
   198  -0.000   0.000   0.000
   199  -0.000  -0.000  -0.000
   200  -0.442   0.128  -0.000

