--------------------------------------
     INPUT SECTION
--------------------------------------
File selected:  v2_5_10.out
Number of states selected:  20
Selected states selected:  [1, 2, 3, 4, 5, 6, 7, 8, 9, 10, 11, 12, 13, 14, 15, 16, 17, 18, 19, 20]
 
------------------------
 RAS-CI RESULTS
------------------------
g-factor (x y z dimensions):
-17.548 -11.535 -79.328

----------------------
 G-TENSOR ANALYSIS
----------------------
g-shift cut-off: 38.368 11.069 90.99
 
state config. symmetry   unpaired orb     gxx    gyy      gzz
    1       1      1Ag       22,23,24      --     --       --
    2       1      2Ag       22,24,32    0.04  0.144 -173.302
    2       2      2Ag       22,24,29    0.04  0.144 -173.302
    3       1      3Ag       22,23,31   0.006  0.023   181.98
    3       2      3Ag       23,24,31   0.006  0.023   181.98
    7       1      7Ag       23,24,30 -76.737 22.138     -0.0
    7       2      7Ag       22,23,30 -76.737 22.138     -0.0
    7       3      7Ag       23,24,36 -76.737 22.138     -0.0
    7       4      7Ag       22,23,36 -76.737 22.138     -0.0
    7       5      7Ag       22,23,26 -76.737 22.138     -0.0
    7       6      7Ag       23,24,26 -76.737 22.138     -0.0
    9       1      9Ag 21,22,23,24,28   4.363 15.128   -0.002
    9       2      9Ag       22,23,28   4.363 15.128   -0.002
    9       3      9Ag       22,23,27   4.363 15.128   -0.002
    9       4      9Ag       23,24,28   4.363 15.128   -0.002
    9       5      9Ag       23,24,27   4.363 15.128   -0.002
    9       6      9Ag 21,22,23,24,27   4.363 15.128   -0.002
    9       7      9Ag       22,23,35   4.363 15.128   -0.002
    9       8      9Ag       22,24,30   4.363 15.128   -0.002
    9       9      9Ag       23,24,35   4.363 15.128   -0.002
   11       1     10Ag       22,23,28   5.463 18.928    -0.03
   11       2     10Ag       23,24,28   5.463 18.928    -0.03
   11       3     10Ag       22,23,35   5.463 18.928    -0.03
   11       4     10Ag       23,24,35   5.463 18.928    -0.03
   11       5     10Ag       22,23,27   5.463 18.928    -0.03

-------------------------------
 IMPROVED ACTIVE SPACE BY G-TENSOR
-------------------------------
Initial active space (HOMO = 24 ): [ 5 , 10 ] ; [21, 22, 23, 24, 25, 26, 27, 28, 29, 30]
Final active space (HOMO = 24 ): [ 5 , 13 ] ; [21, 22, 23, 24, 26, 27, 28, 29, 30, 31, 32, 35, 36]
 
------------------------
 EXCITED STATES ANALYSIS
------------------------
Configurations cut-off: 0.5
state config sym hole  part unpairedorb amplitude     e    socc     lk   s2
    1      1 1Ag 2.71  4.29    22,23,24      0.91   0.0     0.0    0.0 3.75
    2      1 2Ag  0.5 72.16    22,24,32      0.65  1.04 217.481  1.671 3.75
    2      2 2Ag  0.5 72.16    22,24,29       0.5  1.04 217.481  1.671 3.75
    3      1 3Ag 0.25 98.16    22,23,31      0.65 1.152 227.521 -1.858 3.75
    3      2 3Ag 0.25 98.16    23,24,31      0.47 1.152 227.521 -1.858 3.75
    7      1 7Ag 1.84 33.42    23,24,30      0.43 1.879 177.857  1.635 3.75
    7      2 7Ag 1.84 33.42    22,23,30      0.43 1.879 177.857  1.635 3.75
    7      3 7Ag 1.84 33.42    23,24,36      0.34 1.879 177.857  1.635 3.75
    7      4 7Ag 1.84 33.42    22,23,36      0.33 1.879 177.857  1.635 3.75
    7      5 7Ag 1.84 33.42    22,23,26      0.27 1.879 177.857  1.635 3.75
    7      6 7Ag 1.84 33.42    23,24,26      0.23 1.879 177.857  1.635 3.75

States multiplicity: 
- 0 Singlet states:  []
- 0 Doublet states:  []
- 0 Triplet states:  []
- 20 Quartet states:  [1, 2, 3, 4, 5, 6, 7, 8, 9, 10, 11, 12, 13, 14, 15, 16, 17, 18, 19, 20]
- 0 Quintet states:  []
 
--------------------------------
 IMPROVED ACTIVE SPACE BY SOC AND L
--------------------------------
Initial active space (HOMO = 24 ): [ 5 , 10 ] ; [21, 22, 23, 24, 25, 26, 27, 28, 29, 30]
Final active space (HOMO = 24 ): [ 3 , 9 ] ; [22, 23, 24, 26, 29, 30, 31, 32, 36]
 
--------------------------------
 SUM-OVER-STATE ANALYSIS
--------------------------------
 state     gxx    gyy      gzz
     1   0.000  0.000    0.000
     2   0.040  0.144 -173.302
     3   0.006  0.023  181.980
     4   0.000 -0.000    0.000
     5  -0.000  0.000    0.000
     6   0.001  0.003    0.435
     7 -76.737 22.138   -0.000
     8  -0.012  0.004   -0.000
     9   4.363 15.128   -0.002
    10  -0.000  0.000   -0.000
    11   5.463 18.928   -0.030
    12   1.440  4.982    0.040
    13  -0.000  0.000    0.000
    14   0.116 -0.034    0.000
    15  -1.733 -6.010    0.004
    16  -2.936  0.847    0.000
    17  -0.520 -1.791    0.000
    18   0.000 -0.000   -0.000
    19   0.294 -0.081    0.000
    20   0.383  1.326    0.001

