--------------------------------------
     INPUT SECTION
--------------------------------------
File selected:  crf_5_8.out
Number of states selected:  30
Selected states selected:  [1, 2, 3, 4, 5, 6, 7, 8, 9, 10, 11, 12, 13, 14, 15, 16, 17, 18, 19, 20, 21, 22, 23, 24, 25, 26, 27, 28, 29, 30]
 
------------------------
 RAS-CI RESULTS
------------------------
g-factor (x y z dimensions):
-36.689 -36.689 -0.15

----------------------
 G-TENSOR ANALYSIS
----------------------
g-shift cut-off: 149.511 149.511 0.0
 
state config. symmetry   unpaired orb     gxx     gyy  gzz
    1       1      1A1 15,16,17,18,19      --      --   --
    2       1      1B2 15,16,18,19,20 299.021   9.585 -0.0
    2       2      1B2 15,16,18,19,28 299.021   9.585 -0.0
    2       3      1B2 15,16,18,19,29 299.021   9.585 -0.0
    3       1      1B1 15,17,18,19,20  -9.585 299.021  0.0
    3       2      1B1 15,17,18,19,28  -9.585 299.021  0.0
    3       3      1B1 15,17,18,19,29  -9.585 299.021  0.0

-------------------------------
 IMPROVED ACTIVE SPACE BY G-TENSOR
-------------------------------
Initial active space (HOMO = 19 ): [ 5 , 8 ] ; [15, 16, 17, 18, 19, 20, 28, 29]
Final active space (HOMO = 19 ): [ 5 , 8 ] ; [15, 16, 17, 18, 19, 20, 28, 29]
 
------------------------
 EXCITED STATES ANALYSIS
------------------------
Configurations cut-off: 0.5
state config sym hole part    unpairedorb amplitude     e   socc     lk   s2
    1      1 1A1 0.16  0.7 15,16,17,18,19      0.99   0.0    0.0    0.0 8.75
    2      1 1B2 0.38 9.73 15,16,18,19,20      0.68 0.779 329.06 -1.428 8.75
    2      2 1B2 0.38 9.73 15,16,18,19,28      0.54 0.779 329.06 -1.428 8.75
    2      3 1B2 0.38 9.73 15,16,18,19,29      0.39 0.779 329.06 -1.428 8.75
    3      1 1B1 0.38 9.73 15,17,18,19,20      0.68 0.779 329.06 -1.428 8.75
    3      2 1B1 0.38 9.73 15,17,18,19,28      0.54 0.779 329.06 -1.428 8.75
    3      3 1B1 0.38 9.73 15,17,18,19,29      0.39 0.779 329.06 -1.428 8.75

States multiplicity: 
- 0 Singlet states:  []
- 0 Doublet states:  []
- 0 Triplet states:  []
- 0 Quartet states:  []
- 0 Quintet states:  []
 
--------------------------------
 IMPROVED ACTIVE SPACE BY SOC AND L
--------------------------------
Initial active space (HOMO = 19 ): [ 5 , 8 ] ; [15, 16, 17, 18, 19, 20, 28, 29]
Final active space (HOMO = 19 ): [ 5 , 8 ] ; [15, 16, 17, 18, 19, 20, 28, 29]
 
--------------------------------
 SUM-OVER-STATE ANALYSIS
--------------------------------
 state     gxx     gyy  gzz
     1   0.000   0.000  0.0
     2 299.021   9.585 -0.0
     3  -9.585 299.021  0.0
     4  -0.000  -0.000 -0.0
     5  -0.000   0.000  0.0
     6  -0.000  -0.000  0.0
     7   3.465   0.083 -0.0
     8  -0.083   3.465  0.0
     9   0.000   0.000 -0.0
    10  -0.114   1.195 -0.0
    11   1.195   0.114  0.0
    12  -0.000  -0.000  0.0
    13   0.000  -0.000  0.0
    14  -0.000   0.000 -0.0
    15  -0.000  -0.000 -0.0
    16   0.000   0.000 -0.0
    17  -0.000   0.000 -0.0
    18  -0.000   0.000 -0.0
    19  -0.661  -0.052 -0.0
    20  -0.052   0.661 -0.0
    21   0.000  -0.000  0.0
    22   0.000   0.000 -0.0
    23   0.000   0.000  0.0
    24  -0.006   0.189  0.0
    25   0.189   0.006 -0.0
    26  -0.002   0.019 -0.0
    27  -0.019  -0.002 -0.0
    28   0.000   0.000  0.0
    29  -0.000   0.000 -0.0
    30   0.000  -0.000  0.0

