--------------------------------------
     INPUT SECTION
--------------------------------------
File selected:  crh_5_7.out
Number of states selected:  30
Selected states selected:  [1, 2, 3, 4, 5, 6, 7, 8, 9, 10, 11, 12, 13, 14, 15, 16, 17, 18, 19, 20, 21, 22, 23, 24, 25, 26, 27, 28, 29, 30]
 
------------------------
 RAS-CI RESULTS
------------------------
g-factor (x y z dimensions):
-21.191 -21.191 -0.067

----------------------
 G-TENSOR ANALYSIS
----------------------
g-shift cut-off: 85.818 85.818 0.0
 
state config. symmetry   unpaired orb     gxx      gyy  gzz
    1       1      1A1 11,12,13,14,15      --       --   --
    2       1      1B2 11,12,14,15,16 171.636   -5.942  0.0
    2       2      1B2 11,12,14,15,24 171.636   -5.942  0.0
    3       1      1B1 11,13,14,15,16  -5.942 -171.636 -0.0
    3       2      1B1 11,13,14,15,24  -5.942 -171.636 -0.0

-------------------------------
 IMPROVED ACTIVE SPACE BY G-TENSOR
-------------------------------
Initial active space (HOMO = 15 ): [ 5 , 7 ] ; [11, 12, 13, 14, 15, 16, 24]
Final active space (HOMO = 15 ): [ 5 , 7 ] ; [11, 12, 13, 14, 15, 16, 24]
 
------------------------
 EXCITED STATES ANALYSIS
------------------------
Configurations cut-off: 0.5
state config sym hole  part    unpairedorb amplitude     e    socc     lk   s2
    1      1 1A1 0.75  1.28 11,12,13,14,15      0.97   0.0     0.0    0.0 8.75
    2      1 1B2 0.18 11.58 11,12,14,15,16      0.69 0.996 279.233 -1.235 8.75
    2      2 1B2 0.18 11.58 11,12,14,15,24      0.63 0.996 279.233 -1.235 8.75
    3      1 1B1 0.18 11.58 11,13,14,15,16      0.69 0.996 279.232  1.235 8.75
    3      2 1B1 0.18 11.58 11,13,14,15,24      0.63 0.996 279.232  1.235 8.75

States multiplicity: 
- 0 Singlet states:  []
- 0 Doublet states:  []
- 0 Triplet states:  []
- 0 Quartet states:  []
- 0 Quintet states:  []
 
--------------------------------
 IMPROVED ACTIVE SPACE BY SOC AND L
--------------------------------
Initial active space (HOMO = 15 ): [ 5 , 7 ] ; [11, 12, 13, 14, 15, 16, 24]
Final active space (HOMO = 15 ): [ 5 , 7 ] ; [11, 12, 13, 14, 15, 16, 24]
 
--------------------------------
 SUM-OVER-STATE ANALYSIS
--------------------------------
 state     gxx      gyy  gzz
     1   0.000    0.000  0.0
     2 171.636   -5.942  0.0
     3  -5.942 -171.636 -0.0
     4   0.000   -0.000  0.0
     5  -0.000   -0.000 -0.0
     6   0.000    0.000 -0.0
     7   2.319   -2.182  0.0
     8  -2.182   -2.319  0.0
     9   0.000   -0.000 -0.0
    10  -0.000   -0.000  0.0
    11  -0.000   -0.000  0.0
    12   0.000    0.000  0.0
    13  -0.000   -0.000  0.0
    14   0.000    0.000 -0.0
    15  -1.459   -0.250  0.0
    16   0.250   -1.459  0.0
    17  -0.003   -0.004 -0.0
    18  -0.004    0.003  0.0
    19   0.000   -0.000 -0.0
    20  -0.000   -0.000  0.0
    21  -0.000   -0.000 -0.0
    22  -0.000   -0.000  0.0
    23  -0.000   -0.000 -0.0
    24  -0.000   -0.000 -0.0
    25  -0.000   -0.000 -0.0
    26   0.000    0.000  0.0
    27   0.000    0.000 -0.0
    28   0.164   -0.234  0.0
    29   0.234    0.164  0.0
    30  -0.000   -0.000  0.0

