--------------------------------------
     INPUT SECTION
--------------------------------------
File selected:  mnh_6_8.out
Number of states selected:  30
Selected states selected:  [1, 2, 3, 4, 5, 6, 7, 8, 9, 10, 11, 12, 13, 14, 15, 16, 17, 18, 19, 20, 21, 22, 23, 24, 25, 26, 27, 28, 29, 30]
 
------------------------
 RAS-CI RESULTS
------------------------
g-factor (x y z dimensions):
-1.935 -1.935 -0.002

----------------------
 G-TENSOR ANALYSIS
----------------------
g-shift cut-off: 11.153 11.153 0.0
 
state config. symmetry      unpaired orb    gxx     gyy gzz
    1       1      1A1 11,12,13,14,15,16     --      --  --
    2       1      1B2 11,12,13,14,15,18 22.305  -0.001 0.0
    3       1      1B1 11,12,13,14,15,17 -0.001 -22.305 0.0

-------------------------------
 IMPROVED ACTIVE SPACE BY G-TENSOR
-------------------------------
Initial active space (HOMO = 16 ): [ 6 , 8 ] ; [11, 12, 13, 14, 15, 16, 17, 18]
Final active space (HOMO = 16 ): [ 6 , 8 ] ; [11, 12, 13, 14, 15, 16, 17, 18]
 
------------------------
 EXCITED STATES ANALYSIS
------------------------
Configurations cut-off: 0.5
state config sym hole part             unpairedorb amplitude     e    socc     lk   s2
    1      1 1A1 0.41 0.16       11,12,13,14,15,16       1.0   0.0     0.0    0.0 12.0
    2      1 1B2 6.52 0.88       11,12,13,14,15,18      0.94 3.499 205.532 -0.766 12.0
    3      1 1B1 6.52 0.88       11,12,13,14,15,17      0.94 3.499 205.532  0.766 12.0
   25      1 8B1 96.9 2.52 10,11,12,13,14,15,16,17      0.61 9.964 105.107  0.448 12.0
   25      2 8B1 96.9 2.52 10,11,12,13,14,15,16,17      0.49 9.964 105.107  0.448 12.0
   25      3 8B1 96.9 2.52       10,11,12,14,15,16      0.39 9.964 105.107  0.448 12.0
   25      4 8B1 96.9 2.52       10,11,12,13,14,17      0.32 9.964 105.107  0.448 12.0
   26      1 8B2 96.9 2.52 10,11,12,13,14,15,16,18      0.61 9.964 105.106  0.448 12.0
   26      2 8B2 96.9 2.52 10,11,12,13,14,15,16,18      0.49 9.964 105.106  0.448 12.0
   26      3 8B2 96.9 2.52       10,11,12,13,15,16      0.39 9.964 105.106  0.448 12.0
   26      4 8B2 96.9 2.52       10,11,12,13,14,18      0.32 9.964 105.106  0.448 12.0

States multiplicity: 
- 0 Singlet states:  []
- 0 Doublet states:  []
- 0 Triplet states:  []
- 0 Quartet states:  []
- 0 Quintet states:  []
 
--------------------------------
 IMPROVED ACTIVE SPACE BY SOC AND L
--------------------------------
Initial active space (HOMO = 16 ): [ 6 , 8 ] ; [11, 12, 13, 14, 15, 16, 17, 18]
Final active space (HOMO = 16 ): [ 8 , 9 ] ; [10, 11, 12, 13, 14, 15, 16, 17, 18]
 
--------------------------------
 SUM-OVER-STATE ANALYSIS
--------------------------------
 state    gxx     gyy  gzz
     1  0.000   0.000  0.0
     2 22.305  -0.001  0.0
     3 -0.001 -22.305  0.0
     4  0.000  -0.000  0.0
     5 -0.000   0.000  0.0
     6  0.055   0.000 -0.0
     7  0.000  -0.055 -0.0
     8 -0.000   0.000 -0.0
     9  0.000  -0.000  0.0
    10  0.000  -0.000 -0.0
    11  0.000   0.871 -0.0
    12 -0.871   0.000  0.0
    13 -0.000  -0.000  0.0
    14 -0.787  -0.000  0.0
    15 -0.000   0.787 -0.0
    16  0.000  -0.000 -0.0
    17  0.000   0.000 -0.0
    18  0.000   0.000  0.0
    19 -0.000  -0.000  0.0
    20  0.000   0.000 -0.0
    21  0.088   0.000  0.0
    22  0.000  -0.088  0.0
    23  0.245   0.000 -0.0
    24  0.000  -0.245  0.0
    25 -0.000  -2.346 -0.0
    26 -2.346   0.000  0.0
    27 -0.000  -0.000  0.0
    28  0.000  -0.000  0.0
    29 -0.000   0.000 -0.0
    30  0.000  -0.000 -0.0

