--------------------------------------
     INPUT SECTION
--------------------------------------
File selected:  mns_7_6.out
Number of states selected:  30
Selected states selected:  [1, 2, 3, 4, 5, 6, 7, 8, 9, 10, 11, 12, 13, 14, 15, 16, 17, 18, 19, 20, 21, 22, 23, 24, 25, 26, 27, 28, 29]
 
------------------------
 RAS-CI RESULTS
------------------------
g-factor (x y z dimensions):
2.353 2.353 -0.003

----------------------
 G-TENSOR ANALYSIS
----------------------
g-shift cut-off: 9.246 9.246 0.0
 
state config. symmetry   unpaired orb     gxx     gyy  gzz
    1       1      1A1 19,20,21,22,23      --      --   --
    4       1      1B1 16,19,20,21,23  -1.701 -18.492 -0.0
    5       1      1B2 16,19,20,21,22 -18.492   1.701 -0.0

-------------------------------
 IMPROVED ACTIVE SPACE BY G-TENSOR
-------------------------------
Initial active space (HOMO = 23 ): [ 7 , 6 ] ; [16, 19, 20, 21, 22, 23]
Final active space (HOMO = 23 ): [ 7 , 6 ] ; [16, 19, 20, 21, 22, 23]
 
------------------------
 EXCITED STATES ANALYSIS
------------------------
Configurations cut-off: 0.5
state config sym hole  part          unpairedorb amplitude     e    socc     lk   s2
    1      1 1A1 0.06  7.06       19,20,21,22,23      0.94   0.0     0.0    0.0 8.75
    4      1 1B1 0.74 22.81       16,19,20,21,23      0.87 3.834 149.049  0.959 8.75
    5      1 1B2 0.74 22.81       16,19,20,21,22      0.87 3.834 149.049  0.959 8.75
    9      1 2B1 0.02 98.61       16,19,20,23,24      0.73 5.304 136.861  0.016 8.75
    9      2 2B1 0.02 98.61       19,20,21,23,24       0.5 5.304 136.861  0.016 8.75
   10      1 2B2 0.02 98.61       16,19,20,22,24      0.73 5.304 136.861 -0.016 8.75
   10      2 2B2 0.02 98.61       19,20,21,22,24       0.5 5.304 136.861 -0.016 8.75
   19      1 4B1 0.61 99.13 16,19,20,21,22,23,25      0.66 6.617 126.358 -0.156 8.75
   19      2 4B1 0.61 99.13       19,20,22,23,25      0.39 6.617 126.358 -0.156 8.75
   20      1 4B2 0.61 99.13 16,19,20,21,22,23,26      0.66 6.617 126.357 -0.156 8.75
   20      2 4B2 0.61 99.13       19,20,22,23,26      0.39 6.617 126.357 -0.156 8.75
   23      1 5B2 0.02 99.17       16,19,20,22,24      0.44 6.649 109.957 -0.007 8.75
   23      2 5B2 0.02 99.17       16,19,20,23,24      0.44 6.649 109.957 -0.007 8.75
   23      3 5B2 0.02 99.17       16,19,21,23,24      0.32 6.649 109.957 -0.007 8.75
   23      4 5B2 0.02 99.17       16,20,21,22,24      0.32 6.649 109.957 -0.007 8.75
   23      5 5B2 0.02 99.17       16,20,21,23,24      0.32 6.649 109.957 -0.007 8.75
   23      6 5B2 0.02 99.17       16,19,21,22,24      0.32 6.649 109.957 -0.007 8.75
   24      1 6B2 0.02 99.17       16,19,20,23,24      0.44 6.649 109.959  0.007 8.75
   24      2 6B2 0.02 99.17       16,19,20,22,24      0.44 6.649 109.959  0.007 8.75
   24      3 6B2 0.02 99.17       16,20,21,23,24      0.32 6.649 109.959  0.007 8.75
   24      4 6B2 0.02 99.17       16,19,21,22,24      0.32 6.649 109.959  0.007 8.75
   24      5 6B2 0.02 99.17       16,19,21,23,24      0.32 6.649 109.959  0.007 8.75
   24      6 6B2 0.02 99.17       16,20,21,22,24      0.32 6.649 109.959  0.007 8.75
   26      1 7B2 0.12 98.44       16,19,21,23,24      0.53 6.854  43.049 -0.065 8.75
   26      2 7B2 0.12 98.44       16,20,21,22,24      0.53 6.854  43.049 -0.065 8.75
   26      3 7B2 0.12 98.44       16,19,20,22,24      0.43 6.854  43.049 -0.065 8.75
   27      1 5B1 0.12 98.44       16,20,21,23,24      0.53 6.854  43.049  0.065 8.75
   27      2 5B1 0.12 98.44       16,19,21,22,24      0.53 6.854  43.049  0.065 8.75
   27      3 5B1 0.12 98.44       16,19,20,23,24      0.43 6.854  43.049  0.065 8.75

States multiplicity: 
- 0 Singlet states:  []
- 0 Doublet states:  []
- 0 Triplet states:  []
- 0 Quartet states:  []
- 0 Quintet states:  []
 
--------------------------------
 IMPROVED ACTIVE SPACE BY SOC AND L
--------------------------------
Initial active space (HOMO = 23 ): [ 7 , 6 ] ; [16, 19, 20, 21, 22, 23]
Final active space (HOMO = 23 ): [ 7 , 9 ] ; [16, 19, 20, 21, 22, 23, 24, 25, 26]
 
