--------------------------------------
     INPUT SECTION
--------------------------------------
File selected:  ni_4_3.out
Number of states selected:  30
Selected states selected:  [1, 2, 3, 4, 5, 6, 7, 8, 9, 10, 11, 12, 13, 14, 15, 16, 17, 18, 19, 20, 21, 22, 23, 24, 25, 26, 27, 28, 29, 30]
 
------------------------
 RAS-CI RESULTS
------------------------
g-factor (x y z dimensions):
1.822 1.822 -0.001

----------------------
 G-TENSOR ANALYSIS
----------------------
g-shift cut-off: 2.413 2.413 0.0
 
state config. symmetry unpaired orb   gxx   gyy  gzz
    1       1      1A2        16,17    --    --   --
    2       1      1B2        13,17  -0.0 4.827  0.0
    3       1      1B1        13,16 4.827   0.0 -0.0

-------------------------------
 IMPROVED ACTIVE SPACE BY G-TENSOR
-------------------------------
Initial active space (HOMO = 17 ): [ 4 , 3 ] ; [13, 16, 17]
Final active space (HOMO = 17 ): [ 4 , 3 ] ; [13, 16, 17]
 
------------------------
 EXCITED STATES ANALYSIS
------------------------
Configurations cut-off: 0.5
state config sym  hole  part unpairedorb amplitude      e   socc     lk  s2
    1      1 1A2   0.0  0.76       16,17       1.0    0.0    0.0    0.0 2.0
    2      1 1B2  3.94  3.74       13,17      0.96    3.5 31.234 -1.091 2.0
    3      1 1B1  3.94  3.74       13,16      0.96    3.5 31.234 -1.091 2.0
    5      1 2B1  1.57 98.14       16,18      0.92  6.335 33.712  0.326 2.0
    6      1 2B2  1.57 98.14       17,18      0.92  6.335 33.712 -0.326 2.0
   16      1 3B1 33.06  66.3       16,18      0.75 11.335  8.699  0.154 2.0
   16      2 3B1 33.06  66.3       12,16      0.49 11.335  8.699  0.154 2.0
   17      1 3B2 33.06  66.3       17,18      0.75 11.335  8.699  0.154 2.0
   17      2 3B2 33.06  66.3       12,17      0.49 11.335  8.699  0.154 2.0
   21      1 5B1   0.2 99.79 13,16,17,20      0.86 14.374  7.216 -0.201 2.0
   22      1 5B2   0.2 99.79 13,16,17,19      0.86 14.374  7.216  0.201 2.0
   27      1 6B1  0.17 99.83       16,26      0.62 15.536 16.643  0.979 2.0
   27      2 6B1  0.17 99.83       16,27       0.6 15.536 16.643  0.979 2.0
   27      3 6B1  0.17 99.83       16,21      0.39 15.536 16.643  0.979 2.0
   28      1 6B2  0.17 99.83       17,26      0.62 15.536 16.643  0.979 2.0
   28      2 6B2  0.17 99.83       17,27       0.6 15.536 16.643  0.979 2.0
   28      3 6B2  0.17 99.83       17,21      0.39 15.536 16.643  0.979 2.0

States multiplicity: 
- 0 Singlet states:  []
- 0 Doublet states:  []
- 26 Triplet states:  [1, 2, 3, 5, 6, 7, 8, 9, 10, 11, 12, 13, 14, 15, 16, 17, 18, 19, 21, 22, 23, 25, 26, 27, 28, 30]
- 0 Quartet states:  []
- 4 Quintet states:  [4, 20, 24, 29]
 
--------------------------------
 IMPROVED ACTIVE SPACE BY SOC AND L
--------------------------------
Initial active space (HOMO = 17 ): [ 4 , 3 ] ; [13, 16, 17]
Final active space (HOMO = 17 ): [ 6 , 10 ] ; [12, 13, 16, 17, 18, 19, 20, 21, 26, 27]
 
--------------------------------
 SUM-OVER-STATE ANALYSIS
--------------------------------
 state    gxx    gyy  gzz
     1  0.000  0.000  0.0
     2 -0.000  4.827  0.0
     3  4.827  0.000 -0.0
     4 -0.000  0.000 -0.0
     5 -0.861  0.000 -0.0
     6  0.000  0.861 -0.0
     7 -0.000 -0.000 -0.0
     8 -0.000  0.000  0.0
     9  0.000  0.000 -0.0
    10 -0.000 -0.000  0.0
    11 -0.000 -0.000  0.0
    12  0.000 -0.000 -0.0
    13 -0.000  0.000 -0.0
    14 -0.000  0.000  0.0
    15  0.000  0.000  0.0
    16 -0.059  0.000 -0.0
    17 -0.000 -0.059  0.0
    18  0.001 -0.000 -0.0
    19  0.000  0.001  0.0
    20 -0.000  0.000 -0.0
    21  0.050  0.000  0.0
    22  0.000 -0.050  0.0
    23 -0.000  0.000 -0.0
    24  0.000 -0.000  0.0
    25 -0.000  0.000  0.0
    26  0.000  0.000 -0.0
    27 -0.520 -0.008 -0.0
    28  0.008 -0.520  0.0
    29  0.000  0.000 -0.0
    30  0.000  0.000  0.0

