--------------------------------------
     INPUT SECTION
--------------------------------------
File selected:  v2_3_10.out
Number of states selected:  30
Selected states selected:  [1, 2, 3, 4, 5, 6, 7, 8, 9, 10, 11, 12, 13, 14, 15, 16, 17, 18, 19, 20, 21, 22, 23, 24, 25, 26, 27, 28, 29, 30]
 
------------------------
 RAS-CI RESULTS
------------------------
g-factor (x y z dimensions):
-21.947 -22.669 -39.939

----------------------
 G-TENSOR ANALYSIS
----------------------
g-shift cut-off: 44.034 47.547 96.862
 
state config. symmetry unpaired orb     gxx     gyy      gzz
    1       1      1Ag     22,23,24      --      --       --
    2       1      2Ag     22,23,28     0.0   0.002 -193.724
    2       2      2Ag     22,23,31     0.0   0.002 -193.724
    4       1      4Ag     22,24,29 -17.054 -95.093     -0.0
    4       2      4Ag     22,24,36 -17.054 -95.093     -0.0
    5       1      5Ag     23,24,28 -88.068  15.798     -0.0
    5       2      5Ag     23,24,31 -88.068  15.798     -0.0
    5       3      5Ag     22,23,29 -88.068  15.798     -0.0
    5       4      5Ag     22,23,36 -88.068  15.798     -0.0
    5       5      5Ag     21,23,24 -88.068  15.798     -0.0

-------------------------------
 IMPROVED ACTIVE SPACE BY G-TENSOR
-------------------------------
Initial active space (HOMO = 24 ): [ 3 , 10 ] ; [22, 23, 24, 28, 29, 30, 31, 32, 35, 36]
Final active space (HOMO = 24 ): [ 5 , 8 ] ; [21, 22, 23, 24, 28, 29, 31, 36]
 
------------------------
 EXCITED STATES ANALYSIS
------------------------
Configurations cut-off: 0.5
state config  sym  hole  part    unpairedorb amplitude     e    socc     lk   s2
    1      1  1Ag  3.23  0.44       22,23,24      0.97   0.0     0.0    0.0 3.75
    2      1  2Ag  1.87 22.67       22,23,28      0.63 0.779 201.927  1.508 3.75
    2      2  2Ag  1.87 22.67       22,23,31      0.56 0.779 201.927  1.508 3.75
    4      1  4Ag  5.65 11.44       22,24,29      0.71 1.917 213.988  1.718 3.75
    4      2  4Ag  5.65 11.44       22,24,36      0.56 1.917 213.988  1.718 3.75
    5      1  5Ag  9.74 18.52       23,24,28       0.5 2.058 199.174  1.835 3.75
    5      2  5Ag  9.74 18.52       23,24,31      0.47 2.058 199.174  1.835 3.75
    5      3  5Ag  9.74 18.52       22,23,29      0.36 2.058 199.174  1.835 3.75
    5      4  5Ag  9.74 18.52       22,23,36      0.29 2.058 199.174  1.835 3.75
    5      5  5Ag  9.74 18.52       21,23,24      0.26 2.058 199.174  1.835 3.75
    6      1  6Ag 91.78  1.92       21,23,24      0.85 2.133  94.375 -0.295 3.75
    9      1  9Ag 99.48  0.09       21,22,23      0.63 2.598  53.821 -0.735 3.75
    9      2  9Ag 99.48  0.09 21,22,23,24,32      0.53 2.598  53.821 -0.735 3.75
    9      3  9Ag 99.48  0.09 21,22,23,24,32      0.35 2.598  53.821 -0.735 3.75
   12      1 12Ag 69.18  2.53       22,24,32      0.52 3.428  66.611  0.143 3.75
   12      2 12Ag 69.18  2.53 20,22,23,24,32      0.38 3.428  66.611  0.143 3.75
   12      3 12Ag 69.18  2.53 20,22,23,24,32      0.37 3.428  66.611  0.143 3.75
   12      4 12Ag 69.18  2.53 20,22,23,24,32       0.3 3.428  66.611  0.143 3.75
   12      5 12Ag 69.18  2.53 20,22,23,24,32       0.3 3.428  66.611  0.143 3.75
   17      1 17Ag 81.37  2.22       19,23,24       0.6 3.853  76.262  1.405 3.75
   17      2 17Ag 81.37  2.22 20,22,23,24,32      0.34 3.853  76.262  1.405 3.75
   17      3 17Ag 81.37  2.22       22,24,32      0.31 3.853  76.262  1.405 3.75
   19      1 19Ag 38.57  9.16       23,24,29      0.48 3.939   60.01  0.273 3.75
   19      2 19Ag 38.57  9.16       23,24,36      0.38 3.939   60.01  0.273 3.75
   19      3 19Ag 38.57  9.16 20,22,23,24,32      0.38 3.939   60.01  0.273 3.75
   20      1 20Ag 11.72 17.34       22,23,29      0.41 3.968  21.725 -0.009 3.75
   20      2 20Ag 11.72 17.34       22,28,29      0.36 3.968  21.725 -0.009 3.75
   20      3 20Ag 11.72 17.34       22,29,31      0.32 3.968  21.725 -0.009 3.75
   20      4 20Ag 11.72 17.34       22,23,36      0.32 3.968  21.725 -0.009 3.75
   20      5 20Ag 11.72 17.34       22,28,36      0.28 3.968  21.725 -0.009 3.75
   20      6 20Ag 11.72 17.34       22,31,36      0.24 3.968  21.725 -0.009 3.75
   21      1 21Ag 95.93  1.82 21,22,23,24,29      0.72 3.994  84.644 -0.467 3.75
   24      1 24Ag 80.53  3.72       19,23,24      0.44 4.263  85.984 -0.845 3.75
   24      2 24Ag 80.53  3.72 21,22,23,24,32      0.43 4.263  85.984 -0.845 3.75
   24      3 24Ag 80.53  3.72 20,22,23,24,32      0.42 4.263  85.984 -0.845 3.75
   24      4 24Ag 80.53  3.72 20,22,23,24,32      0.31 4.263  85.984 -0.845 3.75
   26      1 26Ag 99.38  0.52 21,22,23,24,29      0.79 4.392  25.168  0.429 3.75
   28      1 28Ag 54.93  8.89       21,22,28      0.49 4.636  39.662 -0.082 3.75
   28      2 28Ag 54.93  8.89       21,22,31      0.33 4.636  39.662 -0.082 3.75
   28      3 28Ag 54.93  8.89       23,24,29       0.3 4.636  39.662 -0.082 3.75
   28      4 28Ag 54.93  8.89       21,22,28      0.27 4.636  39.662 -0.082 3.75
   28      5 28Ag 54.93  8.89       24,29,31      0.25 4.636  39.662 -0.082 3.75

States multiplicity: 
- 0 Singlet states:  []
- 0 Doublet states:  []
- 0 Triplet states:  []
- 28 Quartet states:  [1, 2, 3, 4, 5, 6, 8, 9, 10, 12, 13, 14, 15, 16, 17, 18, 19, 20, 21, 22, 23, 24, 25, 26, 27, 28, 29, 30]
- 0 Quintet states:  []
 
--------------------------------
 IMPROVED ACTIVE SPACE BY SOC AND L
--------------------------------
Initial active space (HOMO = 24 ): [ 3 , 10 ] ; [22, 23, 24, 28, 29, 30, 31, 32, 35, 36]
Final active space (HOMO = 24 ): [ 9 , 11 ] ; [19, 20, 21, 22, 23, 24, 28, 29, 31, 32, 36]
 
--------------------------------
 SUM-OVER-STATE ANALYSIS
--------------------------------
 state     gxx     gyy      gzz
     1   0.000   0.000    0.000
     2   0.000   0.002 -193.724
     3  -0.000   0.000   -0.000
     4 -17.054 -95.093   -0.000
     5 -88.068  15.798   -0.000
     6   6.481  -1.166   -0.000
     7  -0.000   0.000    0.000
     8   0.657  -0.117    0.000
     9   0.000   0.000    7.546
    10   0.000  -0.000    0.000
    11   0.000  -0.000    0.000
    12   0.000   0.000   -1.378
    13   0.347  -0.062    0.000
    14   0.000   0.000   -0.042
    15   0.001   0.007    0.000
    16   0.000  -0.000    0.000
    17  -0.000  -0.000  -13.792
    18   0.000  -0.000    0.000
    19   0.000   0.001   -2.062
    20   0.024  -0.008   -0.000
    21   0.881   4.909    0.001
    22   0.017  -0.003    0.000
    23  -0.000   0.000   -0.000
    24  -0.000  -0.000    8.458
    25   0.000   0.001   -0.613
    26  -0.219  -1.219   -0.003
    27  -0.000   0.000   -0.000
    28  -0.000  -0.000    0.349
    29   0.322  -0.058   -0.000
    30  -0.000   0.000    0.000

