
---------------------
 G-SHIFT RESULTS
---------------------
File selected:  h2o+_tddft.out
States:  [1, 2, 3, 6, 7, 9, 10, 12, 13, 14, 17, 18, 19, 20, 25, 26, 27, 28, 29, 30, 34, 36, 38, 39, 41, 42, 43, 44, 45, 46, 49, 51, 53, 54, 55, 57, 58, 62, 63, 64, 65, 66, 67, 69, 71, 72, 74, 76, 77, 78]
States multiplicity: 
- doublets = 50: [1, 2, 3, 6, 7, 9, 10, 12, 13, 14, 17, 18, 19, 20, 25, 26, 27, 28, 29, 30, 34, 36, 38, 39, 41, 42, 43, 44, 45, 46, 49, 51, 53, 54, 55, 57, 58, 62, 63, 64, 65, 66, 67, 69, 71, 72, 74, 76, 77, 78]
g-factor (x y z dimensions) in ppt: -13.508 -0.361 -4.299

----------------------
 G-TENSOR ANALYSIS
----------------------
cut-offs: 
- g-shift estimation (%): 0.1
- configurations (%):  0
- somos to add to new active space:  [1, 3, 4, 5, 6, 7, 9, 10, 11, 12, 13]

state config. amplitude   somo    gxx   gyy   gzz
    1       2       1.0    6,7     --    --    --
    2       2     0.998      4 19.558   0.0   0.0
    3       2     0.998      3    0.0   0.0 6.774
   10       2     0.781  1,5,7    0.0 0.675   0.0
   10       3    -0.509  3,5,6    0.0 0.675   0.0
   10       4      0.31  4,5,6    0.0 0.675   0.0
   10       5     0.164      3    0.0 0.675   0.0
   34       2     0.805 3,5,10    0.0 0.284   0.0
   34       3     0.425  3,5,9    0.0 0.284   0.0
   34       4    -0.266 1,5,12    0.0 0.284   0.0
   34       5     0.208 4,5,13    0.0 0.284   0.0
   34       6     0.181 4,5,11    0.0 0.284   0.0

------------------------
 EXCITED STATES ANALYSIS
------------------------
cut-offs: 
- configurations (%):  0
- soccs (%):  0
- angular momentum (%):  0

state         spin config. amplitude   somo  energy excit. energy socc         angmom
    1 0.7535769336       2       1.0    6,7 -75.988           0.0   --             --
    2       0.7561       2     0.998      4 -75.906          2.23 91.0  0.97j,-0j,-0j
    3        0.757       2     0.998      3 -75.784          5.57 78.0 -0j,-0j,-0.98j
    6       0.7529       2     0.991  4,5,6 -75.556         11.77 48.0  0.17j,-0j,-0j
    7       0.7984       2     0.778  1,5,6 -75.549         11.94  0.0    -0j,-0j,-0j
    7       0.7984       3     0.589      4 -75.549         11.94  0.0    -0j,-0j,-0j
    7       0.7984       4    -0.177  3,5,6 -75.549         11.94  0.0    -0j,-0j,-0j
    9       0.7538       2     0.995  4,5,7 -75.491         13.52 76.0 -0j,-0j,-0.19j
   10       1.4324       2     0.781  1,5,7 -75.487         13.65 58.0  -0j,-0.32j,0j
   10       1.4324       3    -0.509  3,5,6 -75.487         13.65 58.0  -0j,-0.32j,0j
   10       1.4324       4      0.31  4,5,6 -75.487         13.65 58.0  -0j,-0.32j,0j
   10       1.4324       5     0.164      3 -75.487         13.65 58.0  -0j,-0.32j,0j
   12       0.7594       2     0.697  3,5,6 -75.423         15.38  2.0   0j,0.03j,-0j
   12       0.7594       3     0.629      3 -75.423         15.38  2.0   0j,0.03j,-0j
   12       0.7594       4     0.231  1,5,7 -75.423         15.38  2.0   0j,0.03j,-0j
   12       0.7594       5     0.212  4,5,6 -75.423         15.38  2.0   0j,0.03j,-0j
   13       0.7612       2     0.678  3,5,7 -75.318         18.24  0.0      0j,0j,-0j
   13       0.7612       3     0.621  3,5,6 -75.318         18.24  0.0      0j,0j,-0j
   13       0.7612       4    -0.179  4,5,9 -75.318         18.24  0.0      0j,0j,-0j
   13       0.7612       5    -0.174 4,5,11 -75.318         18.24  0.0      0j,0j,-0j
   13       0.7612       6    -0.157 1,5,10 -75.318         18.24  0.0      0j,0j,-0j
   14       0.7629       2     0.951      2 -75.288         19.06 12.0    0.1j,0j,-0j
   14       0.7629       3    -0.225  4,5,8 -75.288         19.06 12.0    0.1j,0j,-0j
   17       1.0794       2     0.914  1,5,8 -75.212         21.11  0.0      -0j,0j,0j
   17       1.0794       3      0.36  4,5,7 -75.212         21.11  0.0      -0j,0j,0j
   18       1.0161       2      0.87  1,5,9  -75.19         21.73  2.0   -0j,0.41j,0j
   18       1.0161       3     0.392  4,5,8  -75.19         21.73  2.0   -0j,0.41j,0j
   18       1.0161       4    -0.263  3,5,7  -75.19         21.73  2.0   -0j,0.41j,0j
   19       0.7601       2     0.969  4,5,8 -75.189         21.73 24.0  -0.12j,-0j,0j
   19       0.7601       3     0.213      2 -75.189         21.73 24.0  -0.12j,-0j,0j
   20       0.7545       2     0.997  4,5,9  -75.18         21.99 12.0    0j,-0j,0.1j
   25       0.9122       2     0.728 4,5,11 -75.088         24.51  0.0      0j,-0j,0j
   25       0.9122       3    -0.597 1,5,10 -75.088         24.51  0.0      0j,-0j,0j
   25       0.9122       4    -0.237  4,5,9 -75.088         24.51  0.0      0j,-0j,0j
   25       0.9122       5    -0.184  3,5,9 -75.088         24.51  0.0      0j,-0j,0j
   26       0.8694       2     0.796  3,5,9 -75.076         24.82  0.0     -0j,-0j,0j
   26       0.8694       3     0.474  3,5,8 -75.076         24.82  0.0     -0j,-0j,0j
   26       0.8694       4     0.315 4,5,11 -75.076         24.82  0.0     -0j,-0j,0j
   27       0.7952       2     0.864 4,5,10 -75.075         24.83 73.0  -0.06j,-0j,0j
   27       0.7952       3    -0.442 1,5,11 -75.075         24.83 73.0  -0.06j,-0j,0j
   27       0.7952       4     0.238 4,5,10 -75.075         24.83 73.0  -0.06j,-0j,0j
   28       0.7719       2     0.725  3,5,8 -75.066          25.1  1.0  -0j,-0.12j,0j
   28       0.7719       3     0.594  3,5,7 -75.066          25.1  1.0  -0j,-0.12j,0j
   28       0.7719       4     0.186 4,5,13 -75.066          25.1  1.0  -0j,-0.12j,0j
   28       0.7719       5     0.169  1,5,9 -75.066          25.1  1.0  -0j,-0.12j,0j
   29        1.104       2     0.871 4,5,10 -75.055         25.38 65.0   -0.1j,-0j,0j
   29        1.104       3    -0.387 4,5,10 -75.055         25.38 65.0   -0.1j,-0j,0j
   29        1.104       4    -0.282 1,5,11 -75.055         25.38 65.0   -0.1j,-0j,0j
   30       1.9948       2     0.858      2 -75.025          26.2  0.0     -0j,0j,-0j
   30       1.9948       3     -0.28  4,5,9 -75.025          26.2  0.0     -0j,0j,-0j
   30       1.9948       4    -0.236  2,5,6 -75.025          26.2  0.0     -0j,0j,-0j
   30       1.9948       5     -0.23 1,5,10 -75.025          26.2  0.0     -0j,0j,-0j
   34       1.1189       2     0.805 3,5,10 -74.974          27.6 46.0   0j,-0.34j,0j
   34       1.1189       3     0.425  3,5,9 -74.974          27.6 46.0   0j,-0.34j,0j
   34       1.1189       4    -0.266 1,5,12 -74.974          27.6 46.0   0j,-0.34j,0j
   34       1.1189       5     0.208 4,5,13 -74.974          27.6 46.0   0j,-0.34j,0j
   34       1.1189       6     0.181 4,5,11 -74.974          27.6 46.0   0j,-0.34j,0j
   36        1.434       2     0.677  2,5,6 -74.969         27.73  0.0     -0j,-0j,0j
   36        1.434       3    -0.384 4,5,11 -74.969         27.73  0.0     -0j,-0j,0j
   36        1.434       4    -0.354 1,5,10 -74.969         27.73  0.0     -0j,-0j,0j
   36        1.434       5    -0.302  4,5,9 -74.969         27.73  0.0     -0j,-0j,0j
   36        1.434       6     0.207 3,5,12 -74.969         27.73  0.0     -0j,-0j,0j
   36        1.434       7     0.166 1,5,14 -74.969         27.73  0.0     -0j,-0j,0j
   38       1.2403       2     0.856 1,5,12 -74.959         28.01 26.0   0j,0.06j,-0j
   38       1.2403       3     0.297  2,5,6 -74.959         28.01 26.0   0j,0.06j,-0j
   38       1.2403       4     0.296 4,5,11 -74.959         28.01 26.0   0j,0.06j,-0j
   38       1.2403       5     0.189 4,5,13 -74.959         28.01 26.0   0j,0.06j,-0j
   39       1.1765       2     0.934 1,5,13 -74.955         28.12  6.0  0j,-0j,-0.27j
   39       1.1765       3     0.291 4,5,12 -74.955         28.12  6.0  0j,-0j,-0.27j
   39       1.1765       4    -0.152 4,5,12 -74.955         28.12  6.0  0j,-0j,-0.27j
   41       0.9601       2     0.715 3,5,10 -74.947         28.33 14.0    0j,0j,0.17j
   41       0.9601       3     0.628 4,5,12 -74.947         28.33 14.0    0j,0j,0.17j
   41       0.9601       4    -0.278 3,5,11 -74.947         28.33 14.0    0j,0j,0.17j
   42       1.1713       2     0.748 4,5,12 -74.935         28.65 86.0  0j,-0j,-0.19j
   42       1.1713       3    -0.632 3,5,10 -74.935         28.65 86.0  0j,-0j,-0.19j
   42       1.1713       4     0.181 1,5,13 -74.935         28.65 86.0  0j,-0j,-0.19j
   43       0.8096       2     0.922 4,5,13 -74.919         29.09  3.0   0j,-0.04j,0j
   43       0.8096       3     0.181  2,5,7 -74.919         29.09  3.0   0j,-0.04j,0j
   43       0.8096       4    -0.163 3,5,10 -74.919         29.09  3.0   0j,-0.04j,0j
   44       0.7663       2     0.984 4,5,14 -74.903         29.54 11.0  0.07j,-0j,-0j
   45        0.976       2     0.639 3,5,11 -74.901         29.57  0.0     0j,-0j,-0j
   45        0.976       3    -0.544  2,5,6 -74.901         29.57  0.0     0j,-0j,-0j
   45        0.976       4    -0.355      2 -74.901         29.57  0.0     0j,-0j,-0j
   45        0.976       5     0.223 3,5,12 -74.901         29.57  0.0     0j,-0j,-0j
   45        0.976       6    -0.175 4,5,11 -74.901         29.57  0.0     0j,-0j,-0j
   45        0.976       7    -0.158  4,5,9 -74.901         29.57  0.0     0j,-0j,-0j
   45        0.976       8    -0.154 1,5,10 -74.901         29.57  0.0     0j,-0j,-0j
   46        0.831       2     0.786 1,5,14 -74.896         29.71  0.0      0j,-0j,0j
   46        0.831       3     0.533 4,5,13 -74.896         29.71  0.0      0j,-0j,0j
   46        0.831       4     0.177 4,5,15 -74.896         29.71  0.0      0j,-0j,0j
   49       1.1077       2     0.849  2,5,7 -74.861         30.67 12.0 -0j,-0.01j,-0j
   49       1.1077       3    -0.359 3,5,13 -74.861         30.67 12.0 -0j,-0.01j,-0j
   49       1.1077       4      0.35  2,5,6 -74.861         30.67 12.0 -0j,-0.01j,-0j
   51       0.9324       2     0.596 3,5,13  -74.83          31.5  7.0    0.17j,0j,0j
   51       0.9324       3      0.56 3,5,12  -74.83          31.5  7.0    0.17j,0j,0j
   51       0.9324       4     0.549 4,5,14  -74.83          31.5  7.0    0.17j,0j,0j
   53        0.857       2     0.822 3,5,14 -74.804         32.21  5.0  -0j,-0.37j,0j
   53        0.857       3     0.508 3,5,13 -74.804         32.21  5.0  -0j,-0.37j,0j
   53        0.857       4     0.192  2,5,7 -74.804         32.21  5.0  -0j,-0.37j,0j
   54       0.7605       2     0.951 4,5,15 -74.779         32.91  0.0     -0j,-0j,0j
   55       0.8162       2     0.733 1,5,15 -74.772         33.08  4.0   -0.17j,0j,0j
   55       0.8162       3     0.484 4,5,14 -74.772         33.08  4.0   -0.17j,0j,0j
   55       0.8162       4    -0.301 3,5,13 -74.772         33.08  4.0   -0.17j,0j,0j
   55       0.8162       5    -0.278 3,5,12 -74.772         33.08  4.0   -0.17j,0j,0j
   57       0.8548       2      0.43 3,5,12 -74.699         35.08  0.0      0j,0j,-0j
   57       0.8548       3     0.424 3,5,11 -74.699         35.08  0.0      0j,0j,-0j
   57       0.8548       4     0.392  2,5,7 -74.699         35.08  0.0      0j,0j,-0j
   57       0.8548       5     0.251      2 -74.699         35.08  0.0      0j,0j,-0j
   57       0.8548       6     0.246  2,5,6 -74.699         35.08  0.0      0j,0j,-0j
   57       0.8548       7     0.222 4,5,15 -74.699         35.08  0.0      0j,0j,-0j
   57       0.8548       8     0.221 4,5,11 -74.699         35.08  0.0      0j,0j,-0j
   57       0.8548       9     0.199 1,5,17 -74.699         35.08  0.0      0j,0j,-0j
   57       0.8548      10     0.191 4,5,16 -74.699         35.08  0.0      0j,0j,-0j
   57       0.8548      11     0.182 1,5,10 -74.699         35.08  0.0      0j,0j,-0j
   57       0.8548      12     0.175  4,5,9 -74.699         35.08  0.0      0j,0j,-0j
   58        0.788       2     0.792 3,5,15  -74.69         35.33  0.0   -0j,0j,0.38j
   58        0.788       3     0.609 3,5,14  -74.69         35.33  0.0   -0j,0j,0.38j
   62       1.7326       2     0.848  2,5,8 -74.646         36.52  3.0  -0j,-0.07j,0j
   62       1.7326       3     0.443 1,5,16 -74.646         36.52  3.0  -0j,-0.07j,0j
   62       1.7326       4     0.249 4,5,15 -74.646         36.52  3.0  -0j,-0.07j,0j
   63       1.5459       2     0.859 1,5,16 -74.636          36.8  3.0   0j,-0.24j,0j
   63       1.5459       3    -0.483  2,5,8 -74.636          36.8  3.0   0j,-0.24j,0j
   63       1.5459       4     0.153 4,5,15 -74.636          36.8  3.0   0j,-0.24j,0j
   64        0.798       2     0.974 4,5,17 -74.619         37.26  0.0 -0.08j,-0j,-0j
   65       0.7545       2     0.999 4,5,16 -74.614          37.4  7.0  0j,-0j,-0.01j
   66       0.8081       2     0.716 4,5,16 -74.595         37.91  0.0    -0j,-0j,-0j
   66       0.8081       3     0.581 1,5,17 -74.595         37.91  0.0    -0j,-0j,-0j
   66       0.8081       4    -0.162  2,5,8 -74.595         37.91  0.0    -0j,-0j,-0j
   67        1.396       2     0.848  2,5,8 -74.579         38.34  0.0     -0j,0j,-0j
   67        1.396       3     -0.33 3,5,15 -74.579         38.34  0.0     -0j,0j,-0j
   67        1.396       4     0.247  2,5,7 -74.579         38.34  0.0     -0j,0j,-0j
   67        1.396       5     0.188 3,5,16 -74.579         38.34  0.0     -0j,0j,-0j
   69       1.4777       2     0.985  2,5,9 -74.564         38.74  1.0     0j,0.1j,0j
   71       1.2084       2     0.685 3,5,16 -74.533          39.6  0.0       0j,0j,0j
   71       1.2084       3    -0.503  2,5,9 -74.533          39.6  0.0       0j,0j,0j
   71       1.2084       4      0.49 3,5,15 -74.533          39.6  0.0       0j,0j,0j
   72       1.9748       2     0.771  2,5,9 -74.523         39.86  0.0       0j,0j,0j
   72       1.9748       3     0.578 3,5,16 -74.523         39.86  0.0       0j,0j,0j
   72       1.9748       4    -0.182 2,5,10 -74.523         39.86  0.0       0j,0j,0j
   74       0.8418       2     0.824 3,5,16 -74.496          40.6  1.0     0j,-0j,-0j
   74       0.8418       3     0.546 3,5,17 -74.496          40.6  1.0     0j,-0j,-0j
   76       0.9513       2     0.772 4,5,18 -74.453         41.79 36.0    0.08j,0j,0j
   76       0.9513       3    -0.611 2,5,11 -74.453         41.79 36.0    0.08j,0j,0j
   76       0.9513       4     0.167 2,5,10 -74.453         41.79 36.0    0.08j,0j,0j
   77       1.2859       2     0.959 2,5,10 -74.449         41.88  0.0     -0j,-0j,0j
   77       1.2859       3     0.239  2,5,9 -74.449         41.88  0.0     -0j,-0j,0j
   78       0.7933       2     0.737 1,5,18 -74.449         41.89  0.0      -0j,0j,0j
   78       0.7933       3     0.584 4,5,17 -74.449         41.89  0.0      -0j,0j,0j
------------------------------
 SUM-OVER-STATE ANALYSIS
------------------------------
Technique used: Effective Hamiltonian
cut-offs g-value (%):  0.5
 state     gxx    gyy    gzz
     2 -13.829 -0.051 -0.051
     3  -0.006 -0.006 -4.790
     6   0.237 -0.001 -0.001
     7   0.000  0.000  0.000
     9  -0.001 -0.001  0.368
    10  -0.001 -0.477 -0.001
    12  -0.000 -0.001 -0.000
    34  -0.000  0.201 -0.000
    36   0.000  0.000  0.000
    42  -0.000 -0.000  0.204
    43  -0.000 -0.002 -0.000

