
---------------------
 G-SHIFT RESULTS
---------------------
File selected:  no2_tddft.out
States:  [1, 2, 3, 4, 7, 8, 9, 10, 13, 15, 16, 17, 18, 22, 23, 24, 25, 26, 28, 30, 31, 32, 33, 38, 40, 41, 42, 44, 45, 47, 48, 49, 50, 51, 52, 54, 58, 59, 62, 63, 64, 65, 66, 68, 69, 72, 73, 74, 78, 80]
States multiplicity: 
- doublets = 50: [1, 2, 3, 4, 7, 8, 9, 10, 13, 15, 16, 17, 18, 22, 23, 24, 25, 26, 28, 30, 31, 32, 33, 38, 40, 41, 42, 44, 45, 47, 48, 49, 50, 51, 52, 54, 58, 59, 62, 63, 64, 65, 66, 68, 69, 72, 73, 74, 78, 80]
g-factor (x y z dimensions) in ppt: 10.492 2.388 1.298

----------------------
 G-TENSOR ANALYSIS
----------------------
cut-offs: 
- g-shift estimation (%): 0.1
- configurations (%):  0
- somos to add to new active space:  [1, 8, 9, 10, 11, 12, 13, 14, 15, 16, 19]

state config. amplitude         somo    gxx   gyy   gzz
    1       2       1.0 8,9,10,11,12     --    --    --
    2       2     0.998      1,12,13 15.091   0.0   0.0
    3       2     0.938           11    0.0 1.418   0.0
    3       3     0.307     11,12,13    0.0 1.418   0.0
    4       2     0.986           10    0.0   0.0 0.582
    7       2     0.936     10,12,13    0.0   0.0 1.369
    7       3    -0.337           11    0.0   0.0 1.369
    8       2     0.807            8    0.0 2.804   0.0
    8       3     0.404           10    0.0 2.804   0.0
    8       4     0.369     11,12,13    0.0 2.804   0.0
   13       2     0.556            8    0.0 0.662   0.0
   13       3    -0.451           10    0.0 0.662   0.0
   13       4     -0.45     11,12,13    0.0 0.662   0.0
   13       5     0.326     11,12,13    0.0 0.662   0.0
   13       6     0.242     10,12,14    0.0 0.662   0.0
   13       7     0.194           11    0.0 0.662   0.0
   13       8    -0.176      1,12,15    0.0 0.662   0.0
   17       2     0.751      8,12,13    0.0   0.0 0.315
   17       3     0.651            8    0.0   0.0 0.315
   26       2     0.569     10,12,14    0.0 0.629   0.0
   26       3    -0.474      1,12,15    0.0 0.629   0.0
   26       4     0.422     11,12,13    0.0 0.629   0.0
   26       5     0.202           10    0.0 0.629   0.0
   26       6     0.199     11,12,13    0.0 0.629   0.0
   26       7      0.18      8,12,13    0.0 0.629   0.0
   38       2     0.717      1,12,19    0.0 0.311   0.0
   38       3    -0.437      8,12,14    0.0 0.311   0.0
   38       4      0.34     10,12,16    0.0 0.311   0.0
   38       5     0.307     11,12,15    0.0 0.311   0.0
   38       6    -0.207      8,12,13    0.0 0.311   0.0
   41       2      0.88     10,12,16    0.0 1.132   0.0
   41       3    -0.337      1,12,19    0.0 1.132   0.0
   41       4     0.224      8,12,14    0.0 1.132   0.0
   41       5     0.181     11,12,15    0.0 1.132   0.0
   42       2     0.782     10,12,15    0.0   0.0 0.279
   42       3    -0.606     11,12,16    0.0   0.0 0.279

------------------------
 EXCITED STATES ANALYSIS
------------------------
cut-offs: 
- configurations (%):  0
- soccs (%):  0
- angular momentum (%):  0

state         spin config. amplitude         somo   energy excit. energy socc         angmom
    1 0.7536141795       2       1.0 8,9,10,11,12 -205.156           0.0   --             --
    2       0.7548       2     0.998      1,12,13 -205.046           3.0 98.0  -0.93j,0j,-0j
    3       0.7853       2     0.938           11 -205.027           3.5 56.0   0j,0.18j,-0j
    3       0.7853       3     0.307     11,12,13 -205.027           3.5 56.0   0j,0.18j,-0j
    4       0.8041       2     0.986           10 -205.013          3.88 21.0    0j,0j,0.22j
    7        1.117       2     0.936     10,12,13 -204.943           5.8 34.0  -0j,0j,-0.47j
    7        1.117       3    -0.337           11 -204.943           5.8 34.0  -0j,0j,-0.47j
    8       0.7577       2     0.807            8 -204.848          8.38 66.0  -0j,-0.72j,0j
    8       0.7577       3     0.404           10 -204.848          8.38 66.0  -0j,-0.72j,0j
    8       0.7577       4     0.369     11,12,13 -204.848          8.38 66.0  -0j,-0.72j,0j
    9       0.8557       2     0.923            9 -204.845          8.46  0.0       0j,0j,0j
    9       0.8557       3     0.359      9,12,13 -204.845          8.46  0.0       0j,0j,0j
   10       0.8589       2     0.971            7 -204.834          8.75 27.0  -0.13j,0j,-0j
   10       0.8589       3     0.169      7,12,13 -204.834          8.75 27.0  -0.13j,0j,-0j
   13       0.7647       2     0.556            8 -204.783         10.15 22.0 -0j,-0.62j,-0j
   13       0.7647       3    -0.451           10 -204.783         10.15 22.0 -0j,-0.62j,-0j
   13       0.7647       4     -0.45     11,12,13 -204.783         10.15 22.0 -0j,-0.62j,-0j
   13       0.7647       5     0.326     11,12,13 -204.783         10.15 22.0 -0j,-0.62j,-0j
   13       0.7647       6     0.242     10,12,14 -204.783         10.15 22.0 -0j,-0.62j,-0j
   13       0.7647       7     0.194           11 -204.783         10.15 22.0 -0j,-0.62j,-0j
   13       0.7647       8    -0.176      1,12,15 -204.783         10.15 22.0 -0j,-0.62j,-0j
   15       0.7704       2     0.966      1,12,14 -204.757         10.85  0.0      0j,0j,-0j
   15       0.7704       3     0.167            6 -204.757         10.85  0.0      0j,0j,-0j
   16       1.1236       2     0.927      7,12,13 -204.752          11.0  5.0   0.18j,-0j,0j
   16       1.1236       3     0.351            9 -204.752          11.0  5.0   0.18j,-0j,0j
   17       0.7665       2     0.751      8,12,13 -204.735         11.46  5.0   0j,0j,-1.36j
   17       0.7665       3     0.651            8 -204.735         11.46  5.0   0j,0j,-1.36j
   18       0.7685       2     0.915            6 -204.728         11.65  0.0      -0j,0j,0j
   18       0.7685       3     -0.27            7 -204.728         11.65  0.0      -0j,0j,0j
   18       0.7685       4    -0.207      1,12,14 -204.728         11.65  0.0      -0j,0j,0j
   18       0.7685       5    -0.182      9,12,13 -204.728         11.65  0.0      -0j,0j,0j
   22       0.7694       2     0.762     10,12,13 -204.649         13.78  7.0   0j,-0j,0.19j
   22       0.7694       3    -0.639     11,12,14 -204.649         13.78  7.0   0j,-0j,0.19j
   23       0.7605       2     0.846      1,12,15 -204.648         13.82 11.0  -0j,-0.7j,-0j
   23       0.7605       3     0.396     10,12,14 -204.648         13.82 11.0  -0j,-0.7j,-0j
   23       0.7605       4     0.335     11,12,13 -204.648         13.82 11.0  -0j,-0.7j,-0j
   24       0.7575       2     0.578      9,12,13 -204.638         14.09  0.0     -0j,0j,-0j
   24       0.7575       3     0.554            7 -204.638         14.09  0.0     -0j,0j,-0j
   24       0.7575       4     0.316            6 -204.638         14.09  0.0     -0j,0j,-0j
   24       0.7575       5    -0.242            9 -204.638         14.09  0.0     -0j,0j,-0j
   24       0.7575       6     0.226      1,12,17 -204.638         14.09  0.0     -0j,0j,-0j
   24       0.7575       7     0.168      7,12,14 -204.638         14.09  0.0     -0j,0j,-0j
   25       0.7773       2     0.753      6,12,13 -204.598         15.17  3.0  -0.14j,-0j,0j
   25       0.7773       3     -0.62            6 -204.598         15.17  3.0  -0.14j,-0j,0j
   26       0.8065       2     0.569     10,12,14 -204.585         15.52 22.0   0j,0.89j,-0j
   26       0.8065       3    -0.474      1,12,15 -204.585         15.52 22.0   0j,0.89j,-0j
   26       0.8065       4     0.422     11,12,13 -204.585         15.52 22.0   0j,0.89j,-0j
   26       0.8065       5     0.202           10 -204.585         15.52 22.0   0j,0.89j,-0j
   26       0.8065       6     0.199     11,12,13 -204.585         15.52 22.0   0j,0.89j,-0j
   26       0.8065       7      0.18      8,12,13 -204.585         15.52 22.0   0j,0.89j,-0j
   28       0.8015       2      0.95      1,12,16 -204.558         16.27  0.0    -0j,-0j,-0j
   28       0.8015       3      0.21     10,12,15 -204.558         16.27  0.0    -0j,-0j,-0j
   28       0.8015       4     -0.17      1,12,17 -204.558         16.27  0.0    -0j,-0j,-0j
   30       0.8817       2     0.828      1,12,17 -204.538         16.82  0.0      0j,-0j,0j
   30       0.8817       3     0.321      9,12,13 -204.538         16.82  0.0      0j,-0j,0j
   30       0.8817       4    -0.308     10,12,15 -204.538         16.82  0.0      0j,-0j,0j
   30       0.8817       5     0.204      1,12,16 -204.538         16.82  0.0      0j,-0j,0j
   31       0.7682       2     0.991      1,12,18 -204.538         16.82 15.0  -0.09j,0j,-0j
   32        0.787       2     0.784     10,12,14 -204.534         16.91  3.0  -0.06j,-0j,0j
   32        0.787       3      0.61     11,12,15 -204.534         16.91  3.0  -0.06j,-0j,0j
   33       1.0685       2     0.807     10,12,15 -204.534         16.93  0.0     -0j,0j,-0j
   33       1.0685       3    -0.365     11,12,14 -204.534         16.93  0.0     -0j,0j,-0j
   33       1.0685       4     0.352      1,12,17 -204.534         16.93  0.0     -0j,0j,-0j
   33       1.0685       5     0.183      7,12,14 -204.534         16.93  0.0     -0j,0j,-0j
   38       1.1926       2     0.717      1,12,19 -204.478         18.45 27.0   0j,-0.42j,0j
   38       1.1926       3    -0.437      8,12,14 -204.478         18.45 27.0   0j,-0.42j,0j
   38       1.1926       4      0.34     10,12,16 -204.478         18.45 27.0   0j,-0.42j,0j
   38       1.1926       5     0.307     11,12,15 -204.478         18.45 27.0   0j,-0.42j,0j
   38       1.1926       6    -0.207      8,12,13 -204.478         18.45 27.0   0j,-0.42j,0j
   40       1.8622       2     0.982     11,12,16  -204.47         18.68 12.0    0j,0j,0.07j
   40       1.8622       3    -0.153     11,12,16  -204.47         18.68 12.0    0j,0j,0.07j
   41       1.3579       2      0.88     10,12,16 -204.462         18.87 64.0  -0j,-0.67j,0j
   41       1.3579       3    -0.337      1,12,19 -204.462         18.87 64.0  -0j,-0.67j,0j
   41       1.3579       4     0.224      8,12,14 -204.462         18.87 64.0  -0j,-0.67j,0j
   41       1.3579       5     0.181     11,12,15 -204.462         18.87 64.0  -0j,-0.67j,0j
   42       0.8142       2     0.782     10,12,15 -204.459         18.98 10.0    0j,0j,1.07j
   42       0.8142       3    -0.606     11,12,16 -204.459         18.98 10.0    0j,0j,1.07j
   44       0.7543       2     0.698      7,12,13  -204.45          19.2  3.0  -0.32j,-0j,0j
   44       0.7543       3    -0.687      9,12,14  -204.45          19.2  3.0  -0.32j,-0j,0j
   45       0.8601       2     0.647      8,12,14 -204.449         19.23  1.0  0j,-0.08j,-0j
   45       0.8601       3    -0.568      8,12,13 -204.449         19.23  1.0  0j,-0.08j,-0j
   45       0.8601       4    -0.369     10,12,16 -204.449         19.23  1.0  0j,-0.08j,-0j
   45       0.8601       5      0.18      1,12,19 -204.449         19.23  1.0  0j,-0.08j,-0j
   47       1.0089       2     0.742      7,12,14 -204.442         19.43  0.0      -0j,0j,0j
   47       1.0089       3    -0.487      9,12,13 -204.442         19.43  0.0      -0j,0j,0j
   47       1.0089       4     0.269      6,12,13 -204.442         19.43  0.0      -0j,0j,0j
   48       1.7785       2     0.712     11,12,17 -204.437         19.56  7.0  -0j,-0j,0.23j
   48       1.7785       3     0.674     10,12,18 -204.437         19.56  7.0  -0j,-0j,0.23j
   49       1.1564       2     0.672     10,12,17 -204.434         19.63  7.0   -0j,0.21j,0j
   49       1.1564       3    -0.586     11,12,18 -204.434         19.63  7.0   -0j,0.21j,0j
   49       1.1564       4    -0.384     10,12,16 -204.434         19.63  7.0   -0j,0.21j,0j
   50        1.713       2     0.716     10,12,18 -204.433         19.66 26.0 -0j,-0j,-0.03j
   50        1.713       3     -0.69     11,12,17 -204.433         19.66 26.0 -0j,-0j,-0.03j
   51       0.9018       2     0.639     10,12,17 -204.422         19.97  8.0    0j,0.3j,-0j
   51       0.9018       3       0.4     10,12,16 -204.422         19.97  8.0    0j,0.3j,-0j
   51       0.9018       4     0.395     11,12,18 -204.422         19.97  8.0    0j,0.3j,-0j
   51       0.9018       5    -0.289     11,12,17 -204.422         19.97  8.0    0j,0.3j,-0j
   51       0.9018       6     0.227      1,12,21 -204.422         19.97  8.0    0j,0.3j,-0j
   51       0.9018       7      0.17      1,12,19 -204.422         19.97  8.0    0j,0.3j,-0j
   52       1.6147       2     0.987     10,12,17 -204.418         20.07 24.0   -0j,0j,0.19j
   54       0.8758       2     0.954      1,12,20   -204.4         20.57  0.0       0j,0j,0j
   54       0.8758       3     -0.17     11,12,18   -204.4         20.57  0.0       0j,0j,0j
   54       0.8758       4     0.156      6,12,13   -204.4         20.57  0.0       0j,0j,0j
   58       0.8978       2     0.834      1,12,21 -204.371         21.36 11.0 -0j,-0.79j,-0j
   58       0.8978       3     0.322     11,12,19 -204.371         21.36 11.0 -0j,-0.79j,-0j
   58       0.8978       4      0.19      8,12,15 -204.371         21.36 11.0 -0j,-0.79j,-0j
   58       0.8978       5      0.18     10,12,20 -204.371         21.36 11.0 -0j,-0.79j,-0j
   59       1.3476       2     0.788     10,12,19  -204.37          21.4  0.0      -0j,0j,0j
   59       1.3476       3     0.347     11,12,18  -204.37          21.4  0.0      -0j,0j,0j
   59       1.3476       4    -0.277      8,12,14  -204.37          21.4  0.0      -0j,0j,0j
   59       1.3476       5     0.262      6,12,14  -204.37          21.4  0.0      -0j,0j,0j
   59       1.3476       6      0.23      8,12,15  -204.37          21.4  0.0      -0j,0j,0j
   62       0.7622       2     0.716     10,12,18 -204.365         21.52  5.0  -0.21j,-0j,0j
   62       0.7622       3    -0.671     11,12,19 -204.365         21.52  5.0  -0.21j,-0j,0j
   63       0.7811       2     0.747      7,12,14 -204.354         21.81  7.0  0j,-0j,-0.08j
   63       0.7811       3     0.608      9,12,15 -204.354         21.81  7.0  0j,-0j,-0.08j
   63       0.7811       4    -0.216      1,12,22 -204.354         21.81  7.0  0j,-0j,-0.08j
   64       1.5783       2      0.66      7,12,15  -204.35         21.93 18.0    0j,0.14j,0j
   64       1.5783       3     0.518     11,12,19  -204.35         21.93 18.0    0j,0.14j,0j
   64       1.5783       4     0.401      9,12,14  -204.35         21.93 18.0    0j,0.14j,0j
   64       1.5783       5    -0.287     10,12,20  -204.35         21.93 18.0    0j,0.14j,0j
   65       0.8424       2     0.553      6,12,14  -204.35         21.94  0.0     -0j,-0j,0j
   65       0.8424       3    -0.517      8,12,15  -204.35         21.94  0.0     -0j,-0j,0j
   65       0.8424       4     0.416      6,12,13  -204.35         21.94  0.0     -0j,-0j,0j
   65       0.8424       5    -0.317      8,12,14  -204.35         21.94  0.0     -0j,-0j,0j
   65       0.8424       6     0.177      1,12,23  -204.35         21.94  0.0     -0j,-0j,0j
   66       0.8086       2     0.959      1,12,22 -204.349         21.97  9.0   0j,0j,-0.05j
   66       0.8086       3     0.185      7,12,14 -204.349         21.97  9.0   0j,0j,-0.05j
   68       0.9073       2     0.584      8,12,15 -204.335         22.33  0.0      0j,0j,-0j
   68       0.9073       3     0.505      6,12,14 -204.335         22.33  0.0      0j,0j,-0j
   68       0.9073       4     0.358      8,12,14 -204.335         22.33  0.0      0j,0j,-0j
   68       0.9073       5     0.345      6,12,13 -204.335         22.33  0.0      0j,0j,-0j
   68       0.9073       6    -0.236      1,12,23 -204.335         22.33  0.0      0j,0j,-0j
   68       0.9073       7    -0.159     10,12,19 -204.335         22.33  0.0      0j,0j,-0j
   69       1.5032       2     0.691      1,12,23 -204.332         22.42  0.0    -0j,-0j,-0j
   69       1.5032       3    -0.359      9,12,15 -204.332         22.42  0.0    -0j,-0j,-0j
   69       1.5032       4    -0.289     11,12,21 -204.332         22.42  0.0    -0j,-0j,-0j
   69       1.5032       5     0.255     10,12,21 -204.332         22.42  0.0    -0j,-0j,-0j
   69       1.5032       6      0.25      8,12,15 -204.332         22.42  0.0    -0j,-0j,-0j
   69       1.5032       7     0.176      8,12,14 -204.332         22.42  0.0    -0j,-0j,-0j
   69       1.5032       8     0.173      6,12,14 -204.332         22.42  0.0    -0j,-0j,-0j
   69       1.5032       9     0.152      9,12,17 -204.332         22.42  0.0    -0j,-0j,-0j
   72       1.7658       2     0.581      9,12,15 -204.312         22.96  0.0       0j,0j,0j
   72       1.7658       3     0.506      1,12,23 -204.312         22.96  0.0       0j,0j,0j
   72       1.7658       4     0.504     11,12,21 -204.312         22.96  0.0       0j,0j,0j
   72       1.7658       5     0.173     10,12,20 -204.312         22.96  0.0       0j,0j,0j
   72       1.7658       6     0.156      7,12,16 -204.312         22.96  0.0       0j,0j,0j
   72       1.7658       7    -0.152      7,12,16 -204.312         22.96  0.0       0j,0j,0j
   73       1.6779       2      0.56      8,12,15 -204.311         22.99 13.0  -0j,0.36j,-0j
   73       1.6779       3    -0.466     10,12,20 -204.311         22.99 13.0  -0j,0.36j,-0j
   73       1.6779       4    -0.381     11,12,19 -204.311         22.99 13.0  -0j,0.36j,-0j
   73       1.6779       5    -0.275      1,12,25 -204.311         22.99 13.0  -0j,0.36j,-0j
   73       1.6779       6     0.271      8,12,16 -204.311         22.99 13.0  -0j,0.36j,-0j
   73       1.6779       7    -0.238      6,12,14 -204.311         22.99 13.0  -0j,0.36j,-0j
   73       1.6779       8    -0.184     11,12,22 -204.311         22.99 13.0  -0j,0.36j,-0j
   74       0.7656       2     0.747     11,12,20 -204.306         23.12  8.0  -0j,-0j,-0.3j
   74       0.7656       3    -0.649     10,12,19 -204.306         23.12  8.0  -0j,-0j,-0.3j
   78       0.8769       2     0.767      1,12,24 -204.293         23.47 47.0 -0.09j,-0j,-0j
   78       0.8769       3     0.438     11,12,20 -204.293         23.47 47.0 -0.09j,-0j,-0j
   78       0.8769       4    -0.287      9,12,16 -204.293         23.47 47.0 -0.09j,-0j,-0j
   78       0.8769       5     -0.27     10,12,22 -204.293         23.47 47.0 -0.09j,-0j,-0j
   80       1.3549       2     0.681     10,12,21 -204.284         23.73  0.0       0j,0j,0j
   80       1.3549       3    -0.488      7,12,16 -204.284         23.73  0.0       0j,0j,0j
   80       1.3549       4     0.267     11,12,21 -204.284         23.73  0.0       0j,0j,0j
   80       1.3549       5     0.243      9,12,17 -204.284         23.73  0.0       0j,0j,0j
   80       1.3549       6    -0.202      1,12,23 -204.284         23.73  0.0       0j,0j,0j
   80       1.3549       7    -0.152      7,12,17 -204.284         23.73  0.0       0j,0j,0j
------------------------------
 SUM-OVER-STATE ANALYSIS
------------------------------
Technique used: Effective Hamiltonian
cut-offs g-value (%):  0.5
 state    gxx    gyy    gzz
     2 10.671 -0.033 -0.033
     3 -0.008  1.003 -0.008
     4 -0.001 -0.001  0.411
     7 -0.001 -0.001  0.968
     8 -0.002  1.983 -0.002
     9  0.000  0.000  0.000

