mni_6_6/mni_6_6.out
------------------------
 EXCITED STATES ANALYSIS
------------------------
Configurations cut-off: 0.5
state config  sym hole  part       unpairedorb amplitude      e    socc     lk   s2
    1      1  1A1  0.0   0.0 23,24,25,26,27,28       1.0    0.0     0.0    0.0 12.0
   65      1 11A2  0.0 100.0 24,25,26,27,28,34      0.68  17.36 268.618   -0.0 12.0
   65      2 11A2  0.0 100.0 23,25,26,27,28,33      0.68  17.36 268.618   -0.0 12.0
  135      1 32B2  0.0 100.0 23,24,25,27,28,46      0.73 31.496 315.262  0.027 12.0
  135      2 32B2  0.0 100.0 23,24,25,27,28,51      0.45 31.496 315.262  0.027 12.0
  136      1 34B1  0.0 100.0 23,24,26,27,28,46      0.73 31.496 315.262 -0.027 12.0
  136      2 34B1  0.0 100.0 23,24,26,27,28,51      0.45 31.496 315.262 -0.027 12.0
  139      1 24A2  0.0 100.0 23,25,26,27,28,49      0.65 31.723 497.193    0.0 12.0
  139      2 24A2  0.0 100.0 24,25,26,27,28,50      0.65 31.723 497.193    0.0 12.0
  144      1 35B1  0.0 100.0 23,24,25,26,28,47      0.84 31.817  321.72 -0.078 12.0
  145      1 35B2  0.0 100.0 23,24,25,26,28,48      0.84 31.817  321.72 -0.078 12.0

States multiplicity: 
- 0 Singlet states:  []
- 0 Doublet states:  []
- 0 Triplet states:  []
- 0 Quartet states:  []
- 0 Quintet states:  []
 
------------------------
 IMPROVED ACTIVE SPACE 
------------------------
Initial active space (HOMO = 28 ): [ 6 , 6 ] ; [23, 24, 25, 26, 27, 28]
Final active space (HOMO = 28 ): [ 6 , 14 ] ; [23, 24, 25, 26, 27, 28, 33, 34, 46, 47, 48, 49, 50, 51]

ni_2_2/ni_2_2.out
------------------------
 EXCITED STATES ANALYSIS
------------------------
Configurations cut-off: 0.5
state config  sym  hole  part unpairedorb amplitude       e    socc     lk  s2
    1      1  1A2   0.0   0.0       16,17       1.0     0.0     0.0    0.0 2.0
    2      1  1B1 99.37  0.63       13,16      0.97   4.093  34.979 -1.067 2.0
    3      1  1B2 99.37  0.63       13,17      0.97   4.093  34.979 -1.067 2.0
    4      1  2B1  1.16 98.84       16,18      0.93    6.34  34.269  0.195 2.0
    5      1  2B2  1.16 98.84       17,18      0.93    6.34  34.269 -0.195 2.0
   78      1 21B1  0.01 99.99       16,51      0.94  54.748  42.703 -0.809 2.0
   79      1 21B2  0.01 99.99       17,51      0.94  54.748  42.703  0.809 2.0
   90      1 25B1  0.07 99.93       16,52      0.99  59.999  45.862  0.715 2.0
   91      1 25B2  0.07 99.93       17,52      0.99  59.999  45.862 -0.715 2.0
   94      1 27A1   0.0 100.0       17,54       0.7  62.741 126.536   -0.0 2.0
   94      2 27A1   0.0 100.0       16,53       0.7  62.741 126.536   -0.0 2.0
   96      1 26B1   0.0 100.0       16,55      0.99  78.064  62.169  0.013 2.0
   97      1 26B2   0.0 100.0       17,55      0.99  78.064  62.169 -0.013 2.0
  143      1 46A1   0.0 100.0       17,78      0.71 964.255  66.701    0.0 2.0
  143      2 46A1   0.0 100.0       16,77      0.71 964.255  66.701    0.0 2.0
  144      1 38B1   0.0 100.0       16,79       1.0 967.611  46.228  0.005 2.0
  145      1 38B2   0.0 100.0       17,79       1.0 967.611  46.228 -0.005 2.0

States multiplicity: 
- 0 Singlet states:  []
- 0 Doublet states:  []
- 149 Triplet states:  [1, 2, 3, 4, 5, 6, 7, 8, 9, 10, 11, 12, 13, 14, 15, 16, 17, 18, 19, 20, 21, 22, 23, 24, 25, 26, 27, 28, 29, 30, 31, 32, 33, 34, 35, 36, 37, 38, 39, 40, 41, 42, 43, 44, 45, 46, 47, 48, 49, 50, 51, 52, 53, 54, 55, 56, 57, 58, 59, 60, 61, 62, 63, 64, 65, 66, 67, 68, 69, 70, 71, 72, 73, 74, 75, 76, 77, 78, 79, 80, 81, 82, 83, 84, 85, 86, 87, 88, 89, 90, 91, 92, 93, 94, 95, 96, 97, 98, 99, 100, 101, 102, 103, 104, 105, 106, 107, 108, 109, 110, 111, 112, 113, 114, 115, 116, 117, 118, 119, 120, 121, 122, 123, 124, 125, 126, 127, 128, 129, 130, 131, 132, 133, 134, 135, 136, 137, 138, 139, 140, 141, 142, 143, 144, 145, 146, 147, 148, 149]
- 0 Quartet states:  []
- 0 Quintet states:  []
 
------------------------
 IMPROVED ACTIVE SPACE 
------------------------
Initial active space (HOMO = 17 ): [ 2 , 2 ] ; [16, 17]
Final active space (HOMO = 17 ): [ 4 , 12 ] ; [13, 16, 17, 18, 51, 52, 53, 54, 55, 77, 78, 79]
 
