--------------------------------------
     INPUT SECTION
--------------------------------------
File selected:  crf_5_5.out
Number of states selected:  200
Selected states selected:  [1, 2, 3, 4, 5, 6, 7, 8, 9, 10, 11, 12, 13, 14, 15, 16, 17, 18, 19, 20, 21, 22, 23, 24, 25, 26, 27, 28, 29, 30, 31, 32, 33, 34, 35, 36, 37, 38, 39, 40, 41, 42, 43, 44, 45, 46, 47, 48, 49, 50, 51, 52, 53, 54, 55, 56, 57, 58, 59, 60, 61, 62, 63, 64, 65, 66, 67, 68, 69, 70, 71, 72, 73, 74, 75, 76, 77, 78, 79, 80, 81, 82, 83, 84, 85, 86, 87, 88, 89, 90, 91, 92, 93, 94, 95, 96, 97, 98, 99, 100, 101, 102, 103, 104, 105, 106, 107, 108, 109, 110, 111, 112, 113, 114, 115, 116, 117, 118, 119, 120, 121, 122, 123, 124, 125, 126, 127, 128, 129, 130, 131, 132, 133, 134, 135, 136, 137, 138, 139, 140, 141, 142, 143, 144, 145, 146, 147, 148, 149, 150, 151, 152, 153, 154, 155, 156, 157, 158, 159, 160, 161, 162, 163, 164, 165, 166, 167, 168, 169, 170, 171, 172, 173, 174, 175, 176, 177, 178, 179, 180, 181, 182, 183, 184, 185, 186, 187, 188, 189, 190, 191, 192, 193, 194, 195, 196, 197, 198, 199, 200]
 
------------------------
 RAS-CI RESULTS
------------------------
g-factor (x y z dimensions):
-35.664 -35.664 -0.124

------------------------
 EXCITED STATES ANALYSIS
------------------------
Configurations cut-off: 0.5
state config  sym hole  part    unpairedorb amplitude      e    socc     lk   s2
    1      1  1A1  0.0   0.0 15,16,17,18,19       1.0    0.0     0.0    0.0 8.75
    2      1  1B1  0.0 100.0 15,16,18,19,20      0.59  0.911 347.961 -1.431 8.75
    2      2  1B1  0.0 100.0 15,16,18,19,28      0.51  0.911 347.961 -1.431 8.75
    2      3  1B1  0.0 100.0 15,16,18,19,29      0.39  0.911 347.961 -1.431 8.75
    3      1  2B1  0.0 100.0 15,17,18,19,20      0.59  0.911 347.961  1.431 8.75
    3      2  2B1  0.0 100.0 15,17,18,19,28      0.51  0.911 347.961  1.431 8.75
    3      3  2B1  0.0 100.0 15,17,18,19,29      0.39  0.911 347.961  1.431 8.75
   74      1 13A2  0.0 100.0 15,16,17,19,30      0.68 20.712 286.795   -0.0 8.75
   74      2 13A2  0.0 100.0 15,16,17,18,31      0.68 20.712 286.795   -0.0 8.75
  113      1 24B2  1.6  98.4 16,17,18,19,39       0.8 40.184 299.592 -0.115 8.75
  113      2 24B2  1.6  98.4 16,17,18,19,40      0.52 40.184 299.592 -0.115 8.75
  114      1 25B2  1.6  98.4 16,17,18,19,40       0.8 40.184 299.592  0.115 8.75
  114      2 25B2  1.6  98.4 16,17,18,19,39      0.52 40.184 299.592  0.115 8.75
  145      1 26A2  0.0 100.0 15,17,18,19,44      0.54 60.361 565.516   -0.0 8.75
  145      2 26A2  0.0 100.0 15,16,18,19,43      0.54 60.361 565.516   -0.0 8.75
  145      3 26A2  0.0 100.0 15,16,17,18,48      0.35 60.361 565.516   -0.0 8.75
  145      4 26A2  0.0 100.0 15,16,17,19,49      0.35 60.361 565.516   -0.0 8.75
  149      1 29A2  0.0 100.0 15,16,17,19,49      0.59 61.474 396.174   -0.0 8.75
  149      2 29A2  0.0 100.0 15,16,17,18,48      0.59 61.474 396.174   -0.0 8.75
  149      3 29A2  0.0 100.0 15,17,18,19,44      0.33 61.474 396.174   -0.0 8.75
  149      4 29A2  0.0 100.0 15,16,18,19,43      0.33 61.474 396.174   -0.0 8.75
  150      1 35B2  0.0 100.0 15,17,18,19,47      0.55 61.974 453.109  0.033 8.75
  150      2 35B2  0.0 100.0 15,17,18,19,48      0.54 61.974 453.109  0.033 8.75
  150      3 35B2  0.0 100.0 15,16,18,19,49      0.54 61.974 453.109  0.033 8.75
  151      1 36B2  0.0 100.0 15,16,18,19,47      0.55 61.974 453.109 -0.033 8.75
  151      2 36B2  0.0 100.0 15,17,18,19,49      0.54 61.974 453.109 -0.033 8.75
  151      3 36B2  0.0 100.0 15,16,18,19,48      0.54 61.974 453.109 -0.033 8.75

States multiplicity: 
- 0 Singlet states:  []
- 0 Doublet states:  []
- 0 Triplet states:  []
- 0 Quartet states:  []
- 0 Quintet states:  []
 
------------------------
 IMPROVED ACTIVE SPACE 
------------------------
Initial active space (HOMO = 19 ): [ 5 , 5 ] ; [15, 16, 17, 18, 19]
Final active space (HOMO = 19 ): [ 5 , 17 ] ; [15, 16, 17, 18, 19, 20, 28, 29, 30, 31, 39, 40, 43, 44, 47, 48, 49]
 
