--------------------------------------
     INPUT SECTION
--------------------------------------
File selected:  crh_5_5.out
Number of states selected:  186
Selected states selected:  [1, 2, 3, 4, 5, 6, 7, 8, 9, 10, 11, 12, 13, 14, 15, 16, 17, 18, 19, 20, 21, 22, 23, 24, 25, 26, 27, 28, 29, 30, 31, 32, 33, 34, 35, 36, 37, 38, 39, 40, 41, 42, 43, 44, 45, 46, 47, 48, 49, 50, 51, 52, 53, 54, 55, 56, 57, 58, 59, 60, 61, 62, 63, 64, 65, 66, 67, 68, 69, 70, 71, 72, 73, 74, 75, 76, 77, 78, 79, 80, 81, 82, 83, 84, 85, 86, 87, 88, 89, 90, 91, 92, 93, 94, 95, 96, 97, 98, 99, 100, 101, 102, 103, 104, 105, 106, 107, 108, 109, 110, 111, 112, 113, 114, 115, 116, 117, 118, 119, 120, 121, 122, 123, 124, 125, 126, 127, 128, 129, 130, 131, 132, 133, 134, 135, 136, 137, 138, 139, 140, 141, 142, 143, 144, 145, 146, 147, 148, 149, 150, 151, 152, 153, 154, 155, 156, 157, 158, 159, 160, 161, 162, 163, 164, 165, 166, 167, 168, 169, 170, 171, 172, 173, 174, 175, 176, 177, 178, 179, 180, 181, 182, 183, 184, 185, 186]
 
------------------------
 RAS-CI RESULTS
------------------------
g-factor (x y z dimensions):
-25.602 -25.602 -0.071

------------------------
 EXCITED STATES ANALYSIS
------------------------
Configurations cut-off: 0.5
state config  sym hole  part    unpairedorb amplitude      e    socc     lk   s2
    1      1  1A1  0.0   0.0 11,12,13,14,15       1.0    0.0     0.0    0.0 8.75
   87      1 16B2  0.0 100.0 12,13,14,15,33      0.87 39.846 361.508   0.02 8.75
   88      1 17B2  0.0 100.0 12,13,14,15,32      0.87 39.846 361.508  -0.02 8.75
  122      1 27A2  0.0 100.0 11,12,13,14,41      0.66 60.923 695.993   -0.0 8.75
  122      2 27A2  0.0 100.0 11,12,13,15,42      0.66 60.923 695.993   -0.0 8.75
  127      1 29B2  0.0 100.0 11,12,13,15,39       0.5 61.396 379.069 -0.012 8.75
  127      2 29B2  0.0 100.0 11,12,13,14,40       0.5 61.396 379.069 -0.012 8.75
  127      3 29B2  0.0 100.0 12,13,14,15,39      0.46 61.396 379.069 -0.012 8.75
  127      4 29B2  0.0 100.0 11,12,13,15,40       0.3 61.396 379.069 -0.012 8.75
  127      5 29B2  0.0 100.0 11,12,13,14,39       0.3 61.396 379.069 -0.012 8.75
  127      6 29B2  0.0 100.0 12,13,14,15,40      0.27 61.396 379.069 -0.012 8.75
  128      1 30B2  0.0 100.0 11,12,13,14,39       0.5 61.396 379.068  0.012 8.75
  128      2 30B2  0.0 100.0 11,12,13,15,40       0.5 61.396 379.068  0.012 8.75
  128      3 30B2  0.0 100.0 12,13,14,15,40      0.46 61.396 379.068  0.012 8.75
  128      4 30B2  0.0 100.0 11,12,13,15,39       0.3 61.396 379.068  0.012 8.75
  128      5 30B2  0.0 100.0 11,12,13,14,40       0.3 61.396 379.068  0.012 8.75
  128      6 30B2  0.0 100.0 12,13,14,15,39      0.27 61.396 379.068  0.012 8.75

States multiplicity: 
- 0 Singlet states:  []
- 0 Doublet states:  []
- 0 Triplet states:  []
- 0 Quartet states:  []
- 0 Quintet states:  []
 
------------------------
 IMPROVED ACTIVE SPACE 
------------------------
Initial active space (HOMO = 15 ): [ 5 , 5 ] ; [11, 12, 13, 14, 15]
Final active space (HOMO = 15 ): [ 5 , 11 ] ; [11, 12, 13, 14, 15, 32, 33, 39, 40, 41, 42]
 
