--------------------------------------
     INPUT SECTION
--------------------------------------
File selected:  gaas_3_3.out
Number of states selected:  200
Selected states selected:  [1, 2, 3, 4, 5, 6, 7, 8, 9, 10, 11, 12, 13, 14, 15, 16, 17, 18, 19, 20, 21, 22, 23, 24, 25, 26, 27, 28, 29, 30, 31, 32, 33, 34, 35, 36, 37, 38, 39, 40, 41, 42, 43, 44, 45, 46, 47, 48, 49, 50, 51, 52, 53, 54, 55, 56, 57, 58, 59, 60, 61, 62, 63, 64, 65, 66, 67, 68, 69, 70, 71, 72, 73, 74, 75, 76, 77, 78, 79, 80, 81, 82, 83, 84, 85, 86, 87, 88, 89, 90, 91, 92, 93, 94, 95, 96, 97, 98, 99, 100, 101, 102, 103, 104, 105, 106, 107, 108, 109, 110, 111, 112, 113, 114, 115, 116, 117, 118, 119, 120, 121, 122, 123, 124, 125, 126, 127, 128, 129, 130, 131, 132, 133, 134, 135, 136, 137, 138, 139, 140, 141, 142, 143, 144, 145, 146, 147, 148, 149, 150, 151, 152, 153, 154, 155, 156, 157, 158, 159, 160, 161, 162, 163, 164, 165, 166, 167, 168, 169, 170, 171, 172, 173, 174, 175, 176, 177, 178, 179, 180, 181, 182, 183, 184, 185, 186, 187, 188, 189, 190, 191, 192, 193, 194, 195, 196, 197, 198, 199, 200]
 
------------------------
 RAS-CI RESULTS
------------------------
g-factor (x y z dimensions):
-7.112 -7.112 -0.064

------------------------
 EXCITED STATES ANALYSIS
------------------------
Configurations cut-off: 0.5
state config  sym hole  part unpairedorb amplitude      e     socc     lk   s2
    1      1  1A2  0.0   0.0    31,32,33       1.0    0.0      0.0    0.0 3.75
  176      1 37A1  0.0 100.0    31,32,79      0.62 68.645 3547.876    0.0 3.75
  176      2 37A1  0.0 100.0    31,33,80      0.62 68.645 3547.876    0.0 3.75
  176      3 37A1  0.0 100.0    31,32,84      0.34 68.645 3547.876    0.0 3.75
  176      4 37A1  0.0 100.0    31,33,85      0.34 68.645 3547.876    0.0 3.75
  177      1 48B2  0.0 100.0    32,33,79       0.9  68.81 1878.939 -0.105 3.75
  178      1 42B1  0.0 100.0    32,33,80       0.9  68.81 1878.939 -0.105 3.75
  180      1 49B2  0.0 100.0    31,33,83      0.88 70.735   2547.5  0.032 3.75
  180      2 49B2  0.0 100.0    31,33,86      0.46 70.735   2547.5  0.032 3.75
  181      1 43B1  0.0 100.0    31,32,83      0.88 70.735   2547.5 -0.032 3.75
  181      2 43B1  0.0 100.0    31,32,86      0.46 70.735   2547.5 -0.032 3.75

States multiplicity: 
- 0 Singlet states:  []
- 0 Doublet states:  []
- 0 Triplet states:  []
- 200 Quartet states:  [1, 2, 3, 4, 5, 6, 7, 8, 9, 10, 11, 12, 13, 14, 15, 16, 17, 18, 19, 20, 21, 22, 23, 24, 25, 26, 27, 28, 29, 30, 31, 32, 33, 34, 35, 36, 37, 38, 39, 40, 41, 42, 43, 44, 45, 46, 47, 48, 49, 50, 51, 52, 53, 54, 55, 56, 57, 58, 59, 60, 61, 62, 63, 64, 65, 66, 67, 68, 69, 70, 71, 72, 73, 74, 75, 76, 77, 78, 79, 80, 81, 82, 83, 84, 85, 86, 87, 88, 89, 90, 91, 92, 93, 94, 95, 96, 97, 98, 99, 100, 101, 102, 103, 104, 105, 106, 107, 108, 109, 110, 111, 112, 113, 114, 115, 116, 117, 118, 119, 120, 121, 122, 123, 124, 125, 126, 127, 128, 129, 130, 131, 132, 133, 134, 135, 136, 137, 138, 139, 140, 141, 142, 143, 144, 145, 146, 147, 148, 149, 150, 151, 152, 153, 154, 155, 156, 157, 158, 159, 160, 161, 162, 163, 164, 165, 166, 167, 168, 169, 170, 171, 172, 173, 174, 175, 176, 177, 178, 179, 180, 181, 182, 183, 184, 185, 186, 187, 188, 189, 190, 191, 192, 193, 194, 195, 196, 197, 198, 199, 200]
- 0 Quintet states:  []
 
------------------------
 IMPROVED ACTIVE SPACE 
------------------------
Initial active space (HOMO = 33 ): [ 3 , 3 ] ; [31, 32, 33]
Final active space (HOMO = 33 ): [ 3 , 9 ] ; [31, 32, 33, 79, 80, 83, 84, 85, 86]
 
