--------------------------------------
     INPUT SECTION
--------------------------------------
File selected:  gaas_3_7.out
Number of states selected:  30
Selected states selected:  [1, 2, 3, 4, 5, 6, 7, 8, 9, 10, 11, 12, 13, 14, 15, 16, 17, 18, 19, 20, 21, 22, 23, 24, 25, 26, 27, 28, 29, 30]
 
------------------------
 RAS-CI RESULTS
------------------------
g-factor (x y z dimensions):
-10.086 -6.978 -0.042

------------------------
 EXCITED STATES ANALYSIS
------------------------
Configurations cut-off: 0.5
state config sym  hole  part unpairedorb amplitude      e    socc     lk   s2
    1      1 1A2   0.0  0.01    31,32,33       1.0    0.0     0.0    0.0 3.75
    2      1 1B1  2.34 97.66    32,33,35      0.96  5.125 406.262 -0.804 3.75
    3      1 1B2  2.34 97.66    32,33,34      0.96  5.125 406.262 -0.804 3.75
    7      1 2A1   0.0 100.0    31,32,34      0.69   5.96  333.54    0.0 3.75
    7      2 2A1   0.0 100.0    31,33,35      0.69   5.96  333.54    0.0 3.75
    9      1 2B1 53.51 46.48    31,32,36       0.6  6.501 351.375  0.367 3.75
    9      2 2B1 53.51 46.48    30,31,32      0.55  6.501 351.375  0.367 3.75
    9      3 2B1 53.51 46.48    29,31,32      0.47  6.501 351.375  0.367 3.75
   10      1 2B2 53.51 46.48    31,33,36       0.6  6.501 351.377  0.367 3.75
   10      2 2B2 53.51 46.48    30,31,33      0.55  6.501 351.377  0.367 3.75
   10      3 2B2 53.51 46.48    29,31,33      0.47  6.501 351.377  0.367 3.75
   11      1 3B1 36.89 63.11    31,32,36      0.72  7.105 409.626 -0.449 3.75
   11      2 3B1 36.89 63.11    30,31,32      0.51  7.105 409.626 -0.449 3.75
   12      1 3B2 36.89 63.11    31,33,36      0.72  7.105 409.627 -0.449 3.75
   12      2 3B2 36.89 63.11    30,31,33      0.51  7.105 409.627 -0.449 3.75
   30      1 8B1  11.1  88.9    31,32,39      0.49 13.027 323.614  1.112 3.75
   30      2 8B1  11.1  88.9    31,33,38      0.49 13.027 323.614  1.112 3.75
   30      3 8B1  11.1  88.9    32,33,41       0.4 13.027 323.614  1.112 3.75
   30      4 8B1  11.1  88.9    31,32,43      0.34 13.027 323.614  1.112 3.75
   30      5 8B1  11.1  88.9    29,31,32      0.32 13.027 323.614  1.112 3.75

States multiplicity: 
- 0 Singlet states:  []
- 0 Doublet states:  []
- 0 Triplet states:  []
- 30 Quartet states:  [1, 2, 3, 4, 5, 6, 7, 8, 9, 10, 11, 12, 13, 14, 15, 16, 17, 18, 19, 20, 21, 22, 23, 24, 25, 26, 27, 28, 29, 30]
- 0 Quintet states:  []
 
------------------------
 IMPROVED ACTIVE SPACE 
------------------------
Initial active space (HOMO = 33 ): [ 3 , 7 ] ; [31, 32, 33, 79, 80, 83, 86]
Final active space (HOMO = 33 ): [ 7 , 12 ] ; [29, 30, 31, 32, 33, 34, 35, 36, 38, 39, 41, 43]
 
