--------------------------------------
     INPUT SECTION
--------------------------------------
File selected:  mn2_11_11.out
Number of states selected:  200
Selected states selected:  [1, 2, 3, 4, 5, 6, 7, 8, 9, 10, 11, 12, 13, 14, 15, 16, 17, 18, 19, 20, 21, 22, 23, 24, 25, 26, 27, 28, 29, 30, 31, 32, 33, 34, 35, 36, 37, 38, 39, 40, 41, 42, 43, 44, 45, 46, 47, 48, 49, 50, 51, 52, 53, 54, 55, 56, 57, 58, 59, 60, 61, 62, 63, 64, 65, 66, 67, 68, 69, 70, 71, 72, 73, 74, 75, 76, 77, 78, 79, 80, 81, 82, 83, 84, 85, 86, 87, 88, 89, 90, 91, 92, 93, 94, 95, 96, 97, 98, 99, 100, 101, 102, 103, 104, 105, 106, 107, 108, 109, 110, 111, 112, 113, 114, 115, 116, 117, 118, 119, 120, 121, 122, 123, 124, 125, 126, 127, 128, 129, 130, 131, 132, 133, 134, 135, 136, 137, 138, 139, 140, 141, 142, 143, 144, 145, 146, 147, 148, 149, 150, 151, 152, 153, 154, 155, 156, 157, 158, 159, 160, 161, 162, 163, 164, 165, 166, 167, 168, 169, 170, 171, 172, 173, 174, 175, 176, 177, 178, 179, 180, 181, 182, 183, 184, 185, 186, 187, 188, 189, 190, 191, 192, 193, 194, 195, 196, 197, 198, 199, 200]
 
------------------------
 RAS-CI RESULTS
------------------------
g-factor (x y z dimensions):
-0.546 -0.546 -0.0

------------------------
 EXCITED STATES ANALYSIS
------------------------
Configurations cut-off: 0.5
state config   sym hole  part                      unpairedorb amplitude      e    socc     lk    s2
    1      1  1B1g  0.0   0.0 20,21,22,23,24,25,26,27,28,29,30       1.0    0.0     0.0    0.0 35.75
   63      1  7B2g  0.0 100.0 21,22,23,24,25,26,27,28,29,30,34      0.75 15.802 224.316  0.202 35.75
   63      2  7B2g  0.0 100.0 20,21,22,23,24,25,26,27,28,30,32      0.47 15.802 224.316  0.202 35.75
   64      1  7B3g  0.0 100.0 21,22,23,24,25,26,27,28,29,30,35      0.75 15.802 224.316 -0.202 35.75
   64      2  7B3g  0.0 100.0 20,21,22,23,24,25,26,27,28,30,33      0.47 15.802 224.316 -0.202 35.75
   91      1 12B2g  0.0 100.0 20,22,23,24,25,26,27,28,29,30,36      0.59 17.087 292.623 -0.143 35.75
   91      2 12B2g  0.0 100.0 20,21,22,23,24,25,26,28,29,30,37      0.49 17.087 292.623 -0.143 35.75
   91      3 12B2g  0.0 100.0 20,22,23,24,25,26,27,28,29,30,40      0.44 17.087 292.623 -0.143 35.75
   91      4 12B2g  0.0 100.0 20,21,22,23,24,25,26,28,29,30,45      0.34 17.087 292.623 -0.143 35.75
   92      1 10B3g  0.0 100.0 20,21,23,24,25,26,27,28,29,30,36      0.59 17.087 292.623 -0.143 35.75
   92      2 10B3g  0.0 100.0 20,21,22,23,24,25,26,27,29,30,37      0.49 17.087 292.623 -0.143 35.75
   92      3 10B3g  0.0 100.0 20,21,23,24,25,26,27,28,29,30,40      0.44 17.087 292.623 -0.143 35.75
   92      4 10B3g  0.0 100.0 20,21,22,23,24,25,26,27,29,30,45      0.34 17.087 292.623 -0.143 35.75
  121      1 16B3g  0.0 100.0 20,21,22,23,24,25,26,27,28,30,42      0.81 19.313 230.343  0.125 35.75
  122      1 17B2g  0.0 100.0 20,21,22,23,24,25,26,27,28,30,41      0.81 19.313 230.343  0.125 35.75

States multiplicity: 
- 0 Singlet states:  []
- 0 Doublet states:  []
- 0 Triplet states:  []
- 0 Quartet states:  []
- 0 Quintet states:  []
 
------------------------
 IMPROVED ACTIVE SPACE 
------------------------
Initial active space (HOMO = 30 ): [ 11 , 11 ] ; [20, 21, 22, 23, 24, 25, 26, 27, 28, 29, 30]
Final active space (HOMO = 30 ): [ 11 , 21 ] ; [20, 21, 22, 23, 24, 25, 26, 27, 28, 29, 30, 32, 33, 34, 35, 36, 37, 40, 41, 42, 45]
 
