--------------------------------------
     INPUT SECTION
--------------------------------------
File selected:  mnbr_10_13_noholenopart.out
Number of states selected:  30
Selected states selected:  [1, 2, 3, 4, 5, 6, 7, 8, 9, 10, 11, 12, 13, 14, 15, 16, 17, 18, 19, 20, 21, 22, 23, 24, 25, 26, 27, 28, 29, 30]
 
------------------------
 RAS-CI RESULTS
------------------------
g-factor (x y z dimensions):
0.025 0.025 -0.001

------------------------
 EXCITED STATES ANALYSIS
------------------------
Configurations cut-off: 0.5
state config sym hole part             unpairedorb amplitude      e    socc     lk   s2
    1      1 1A1  0.0  0.0       28,29,30,31,32,33       1.0    0.0     0.0    0.0 12.0
    2      1 1B2  0.0  0.0       27,28,29,30,31,32      0.87  7.474 304.783  0.102 12.0
    2      2 1B2  0.0  0.0       27,28,29,30,31,33      0.48  7.474 304.783  0.102 12.0
    3      1 1B1  0.0  0.0       26,28,29,30,31,32      0.87  7.474 304.783 -0.102 12.0
    3      2 1B1  0.0  0.0       26,28,29,30,31,33      0.48  7.474 304.783 -0.102 12.0
    4      1 2B2  0.0  0.0       27,28,29,30,31,33      0.84 12.032 277.816 -0.165 12.0
    4      2 2B2  0.0  0.0       27,28,29,30,31,32      0.48 12.032 277.816 -0.165 12.0
    5      1 2B1  0.0  0.0       26,28,29,30,31,33      0.84 12.032 277.816  0.165 12.0
    5      2 2B1  0.0  0.0       26,28,29,30,31,32      0.48 12.032 277.816  0.165 12.0
   12      1 3A2  0.0  0.0       26,28,29,30,32,33       0.7 12.886 255.287    0.0 12.0
   12      2 3A2  0.0  0.0       27,28,29,31,32,33       0.7 12.886 255.287    0.0 12.0
   20      1 6B1  0.0  0.0 26,28,29,30,31,32,33,55      0.89 29.963  184.21  0.247 12.0
   21      1 6B2  0.0  0.0 27,28,29,30,31,32,33,55      0.89 29.963 184.209 -0.247 12.0

States multiplicity: 
- 0 Singlet states:  []
- 0 Doublet states:  []
- 0 Triplet states:  []
- 0 Quartet states:  []
- 0 Quintet states:  []
 
------------------------
 IMPROVED ACTIVE SPACE 
------------------------
Initial active space (HOMO = 33 ): [ 10 , 13 ] ; [26, 27, 28, 29, 30, 31, 32, 33, 55, 60, 61, 63, 64]
Final active space (HOMO = 33 ): [ 10 , 9 ] ; [26, 27, 28, 29, 30, 31, 32, 33, 55]
 
