--------------------------------------
     INPUT SECTION
--------------------------------------
File selected:  mnf_6_6.out
Number of states selected:  200
Selected states selected:  [1, 2, 3, 4, 5, 6, 7, 8, 9, 10, 11, 12, 13, 14, 15, 16, 17, 18, 19, 20, 21, 22, 23, 24, 25, 26, 27, 28, 29, 30, 31, 32, 33, 34, 35, 36, 37, 38, 39, 40, 41, 42, 43, 44, 45, 46, 47, 48, 49, 50, 51, 52, 53, 54, 55, 56, 57, 58, 59, 60, 61, 62, 63, 64, 65, 66, 67, 68, 69, 70, 71, 72, 73, 74, 75, 76, 77, 78, 79, 80, 81, 82, 83, 84, 85, 86, 87, 88, 89, 90, 91, 92, 93, 94, 95, 96, 97, 98, 99, 100, 101, 102, 103, 104, 105, 106, 107, 108, 109, 110, 111, 112, 113, 114, 115, 116, 117, 118, 119, 120, 121, 122, 123, 124, 125, 126, 127, 128, 129, 130, 131, 132, 133, 134, 135, 136, 137, 138, 139, 140, 141, 142, 143, 144, 145, 146, 147, 148, 149, 150, 151, 152, 153, 154, 155, 156, 157, 158, 159, 160, 161, 162, 163, 164, 165, 166, 167, 168, 169, 170, 171, 172, 173, 174, 175, 176, 177, 178, 179, 180, 181, 182, 183, 184, 185, 186, 187, 188, 189, 190, 191, 192, 193, 194, 195, 196, 197, 198, 199, 200]
 
------------------------
 RAS-CI RESULTS
------------------------
g-factor (x y z dimensions):
-0.818 -0.818 -0.001

------------------------
 EXCITED STATES ANALYSIS
------------------------
Configurations cut-off: 0.5
state config  sym hole  part       unpairedorb amplitude      e     socc     lk   s2
    1      1  1A1  0.0   0.0 15,16,17,18,19,20       1.0    0.0      0.0    0.0 12.0
  135      1 30B1  0.0 100.0 15,16,17,18,19,40      0.93 45.789  577.728 -0.215 12.0
  136      1 36B2  0.0 100.0 15,16,17,18,19,41      0.93 45.789  577.728  0.215 12.0
  188      1 40B1  0.0 100.0 15,16,17,18,19,51      0.75 93.472  812.726 -0.127 12.0
  188      2 40B1  0.0 100.0 15,16,18,19,20,51      0.54 93.472  812.726 -0.127 12.0
  189      1 52B2  0.0 100.0 15,16,17,18,19,52      0.75 93.472  812.726 -0.127 12.0
  189      2 52B2  0.0 100.0 15,16,18,19,20,52      0.54 93.472  812.726 -0.127 12.0
  194      1 33A2  0.0 100.0 16,17,18,19,20,49      0.64 93.826 1142.023    0.0 12.0
  194      2 33A2  0.0 100.0 15,17,18,19,20,50      0.64 93.826 1142.023    0.0 12.0

States multiplicity: 
- 0 Singlet states:  []
- 0 Doublet states:  []
- 0 Triplet states:  []
- 0 Quartet states:  []
- 0 Quintet states:  []
 
------------------------
 IMPROVED ACTIVE SPACE 
------------------------
Initial active space (HOMO = 20 ): [ 6 , 6 ] ; [15, 16, 17, 18, 19, 20]
Final active space (HOMO = 20 ): [ 6 , 12 ] ; [15, 16, 17, 18, 19, 20, 40, 41, 49, 50, 51, 52]
 
