--------------------------------------
     INPUT SECTION
--------------------------------------
File selected:  mnf_6_10.out
Number of states selected:  30
Selected states selected:  [1, 2, 3, 4, 5, 6, 7, 8, 9, 10, 11, 12, 13, 14, 15, 16, 17, 18, 19, 20, 21, 22, 23, 24, 25, 26, 27, 28, 29, 30]
 
------------------------
 RAS-CI RESULTS
------------------------
g-factor (x y z dimensions):
-1.057 -1.057 -0.001

------------------------
 EXCITED STATES ANALYSIS
------------------------
Configurations cut-off: 0.5
state config sym hole  part       unpairedorb amplitude      e    socc     lk   s2
    1      1 1A1 0.01  0.27 15,16,17,18,19,20       1.0    0.0     0.0    0.0 12.0
    2      1 1B2 0.02 99.84 15,16,17,18,19,22      0.84  4.881 151.861  -0.56 12.0
    2      2 1B2 0.02 99.84 15,16,18,19,20,22      0.53  4.881 151.861  -0.56 12.0
    3      1 1B1 0.02 99.84 15,16,17,18,19,21      0.84  4.881 151.861  -0.56 12.0
    3      2 1B1 0.02 99.84 15,16,18,19,20,21      0.53  4.881 151.861  -0.56 12.0
   24      1 7B1 0.08 99.91 15,16,17,19,20,24      0.69 13.646 163.019 -0.287 12.0
   24      2 7B1 0.08 99.91 15,16,17,19,20,23      0.63 13.646 163.019 -0.287 12.0
   25      1 7B2 0.08 99.91 15,16,17,18,20,24      0.69 13.646 163.018 -0.287 12.0
   25      2 7B2 0.08 99.91 15,16,17,18,20,23      0.63 13.646 163.018 -0.287 12.0

States multiplicity: 
- 0 Singlet states:  []
- 0 Doublet states:  []
- 0 Triplet states:  []
- 0 Quartet states:  []
- 0 Quintet states:  []
 
------------------------
 IMPROVED ACTIVE SPACE 
------------------------
Initial active space (HOMO = 20 ): [ 6 , 10 ] ; [15, 16, 17, 18, 19, 20, 40, 41, 51, 52]
Final active space (HOMO = 20 ): [ 6 , 10 ] ; [15, 16, 17, 18, 19, 20, 21, 22, 23, 24]
 
