--------------------------------------
     INPUT SECTION
--------------------------------------
File selected:  mns_5_8.out
Number of states selected:  30
Selected states selected:  [1, 2, 3, 4, 5, 6, 7, 8, 9, 10, 11, 12, 13, 14, 15, 16, 17, 18, 19, 20, 21, 22, 23, 24, 25, 26, 27, 28, 29, 30]
 
------------------------
 RAS-CI RESULTS
------------------------
g-factor (x y z dimensions):
0.78 0.905 -0.001

------------------------
 EXCITED STATES ANALYSIS
------------------------
Configurations cut-off: 0.5
state config sym  hole  part    unpairedorb amplitude      e    socc     lk   s2
    1      1 1A1  0.24  0.43 19,20,21,22,23       1.0    0.0     0.0    0.0 8.75
    3      1 1B1  1.14 98.75 19,20,21,23,24      0.91  7.095 111.212 -0.058 8.75
    4      1 2B1  1.14 98.75 19,20,21,22,24      0.91  7.095 111.212 -0.058 8.75
    9      1 4B1  99.4  0.59 18,19,21,22,23      0.66  7.674  65.868  0.592 8.75
    9      2 4B1  99.4  0.59 17,20,21,22,23      0.66  7.674  65.868  0.592 8.75
   10      1 2B2  99.4  0.59 18,20,21,22,23      0.66  7.674  65.865  0.592 8.75
   10      2 2B2  99.4  0.59 17,19,21,22,23      0.66  7.674  65.865  0.592 8.75
   16      1 4B2 99.52  0.47 16,19,20,21,22      0.93  8.205 121.145 -0.717 8.75
   17      1 6B1 99.52  0.47 16,19,20,21,23      0.93  8.205 121.146  0.717 8.75
   30      1 7B2  0.17 99.82 20,21,22,23,26      0.68 12.362  81.926  0.317 8.75
   30      2 7B2  0.17 99.82 19,21,22,23,25      0.68 12.362  81.926  0.317 8.75

States multiplicity: 
- 0 Singlet states:  []
- 0 Doublet states:  []
- 0 Triplet states:  []
- 0 Quartet states:  []
- 0 Quintet states:  []
 
------------------------
 IMPROVED ACTIVE SPACE 
------------------------
Initial active space (HOMO = 23 ): [ 5 , 8 ] ; [19, 20, 21, 22, 23, 42, 43, 50]
Final active space (HOMO = 23 ): [ 11 , 11 ] ; [16, 17, 18, 19, 20, 21, 22, 23, 24, 25, 26]
 
