--------------------------------------
     INPUT SECTION
--------------------------------------
File selected:  ni_4_12.out
Number of states selected:  200
Selected states selected:  [1, 2, 3, 4, 5, 6, 7, 8, 9, 10, 11, 12, 13, 14, 15, 16, 17, 18, 19, 20, 21, 22, 23, 24, 25, 26, 27, 28, 29, 30]
 
------------------------
 RAS-CI RESULTS
------------------------
g-factor (x y z dimensions):
1.986 1.986 -0.001

------------------------
 EXCITED STATES ANALYSIS
------------------------
Configurations cut-off: 0.5
state config sym  hole part unpairedorb amplitude     e   socc     lk  s2
    1      1 1A2  1.98 1.62       16,17      0.97   0.0    0.0    0.0 2.0
    2      1 1B2  5.56 3.35       13,17      0.87 3.962 27.848 -0.923 2.0
    3      1 1B1  5.56 3.35       13,16      0.87 3.962 27.848 -0.923 2.0
    4      1 2B1 32.92 3.98       16,18      0.74 4.303 27.228  0.708 2.0
    4      2 2B1 32.92 3.98 15,16,17,18      0.41 4.303 27.228  0.708 2.0
    5      1 2B2 32.92 3.98       17,18      0.74 4.303 27.228 -0.708 2.0
    5      2 2B2 32.92 3.98 14,16,17,18      0.41 4.303 27.228 -0.708 2.0
   14      1 4B1 91.23 1.23 15,16,17,18      0.64 7.387 22.169  0.167 2.0
   14      2 4B1 91.23 1.23 15,16,17,18      0.49 7.387 22.169  0.167 2.0
   14      3 4B1 91.23 1.23       14,18      0.41 7.387 22.169  0.167 2.0
   15      1 4B2 91.23 1.23 14,16,17,18      0.64 7.387 22.169 -0.167 2.0
   15      2 4B2 91.23 1.23 14,16,17,18      0.49 7.387 22.169 -0.167 2.0
   15      3 4B2 91.23 1.23       15,18      0.41 7.387 22.169 -0.167 2.0
   23      1 8B2 76.78 4.89       15,18      0.59 9.173   16.1 -0.051 2.0
   23      2 8B2 76.78 4.89 14,16,17,18      0.49 9.173   16.1 -0.051 2.0
   23      3 8B2 76.78 4.89       17,18       0.3 9.173   16.1 -0.051 2.0
   24      1 6B1 76.78 4.89       14,18      0.59 9.173   16.1  0.051 2.0
   24      2 6B1 76.78 4.89 15,16,17,18      0.49 9.173   16.1  0.051 2.0
   24      3 6B1 76.78 4.89       16,18       0.3 9.173   16.1  0.051 2.0

States multiplicity: 
- 0 Singlet states:  []
- 0 Doublet states:  []
- 24 Triplet states:  [1, 2, 3, 4, 5, 9, 10, 11, 12, 13, 14, 15, 16, 17, 18, 19, 20, 21, 22, 23, 24, 25, 26, 27]
- 0 Quartet states:  []
- 6 Quintet states:  [6, 7, 8, 28, 29, 30]
 
------------------------
 IMPROVED ACTIVE SPACE 
------------------------
Initial active space (HOMO = 17 ): [ 4 , 12 ] ; [13, 16, 17, 18, 51, 52, 53, 54, 55, 77, 78, 79]
Final active space (HOMO = 17 ): [ 8 , 6 ] ; [13, 14, 15, 16, 17, 18]
 
