--------------------------------------
     INPUT SECTION
--------------------------------------
File selected:  seo_4_3.out
Number of states selected:  200
Selected states selected:  [1, 2, 3, 4, 5, 6, 7, 8, 9, 10, 11, 12, 13, 14, 15, 16, 17, 18, 19, 20, 21, 22, 23, 24, 25, 26, 27, 28, 29, 30, 31, 32, 33, 34, 35, 36, 37, 38, 39, 40, 41, 42, 43, 44, 45, 46, 47, 48, 49, 50, 51, 52, 53, 54, 55, 56, 57, 58, 59, 60, 61, 62, 63, 64, 65, 66, 67, 68, 69, 70, 71, 72, 73, 74, 75, 76, 77, 78, 79, 80, 81, 82, 83, 84, 85, 86, 87, 88, 89, 90, 91, 92, 93, 94, 95, 96, 97, 98, 99, 100, 101, 102, 103, 104, 105, 106, 107, 108, 109, 110, 111, 112, 113, 114, 115, 116, 117, 118, 119, 120, 121, 122, 123, 124, 125, 126, 127, 128, 129, 130, 131, 132, 133, 134, 135, 136, 137, 138, 139, 140, 141, 142, 143, 144, 145, 146, 147, 148, 149, 150, 151, 152, 153, 154, 155, 156, 157, 158, 159, 160, 161, 162, 163, 164, 165, 166, 167, 168, 169, 170, 171, 172, 173, 174, 175, 176, 177, 178, 179, 180, 181, 182, 183, 184, 185, 186, 187, 188, 189, 190, 191, 192, 193, 194, 195, 196, 197, 198, 199, 200]
 
------------------------
 RAS-CI RESULTS
------------------------
g-factor (x y z dimensions):
22.01 22.545 -0.1

------------------------
 EXCITED STATES ANALYSIS
------------------------
Configurations cut-off: 0.5
state config  sym  hole  part unpairedorb amplitude      e    socc     lk  s2
    1      1  1A2 17.57  5.64       20,22      0.88    0.0     0.0    0.0 2.0
    4      1  2A1 99.88  0.12       18,20      0.94  3.182 785.412  0.025 2.0
    5      1  1B2  0.01  0.28       21,22       1.0  4.661 684.784 -1.111 2.0
    6      1  1B1  0.22  0.76       20,21       1.0  4.722  697.29  1.077 2.0
    9      1  2B2  0.66 99.33       22,23      0.95  9.091 548.927 -0.576 2.0
   13      1  2B1  0.84 99.16       20,23      0.95  9.382 569.209  0.586 2.0
   37      1  9A1   0.0 100.0       20,25      0.86 15.986 921.731  0.002 2.0
   37      2  9A1   0.0 100.0       22,24      0.46 15.986 921.731  0.002 2.0
   38      1  9B2  0.04 99.96 20,21,22,25       0.7 16.209 471.853 -0.179 2.0
   38      2  9B2  0.04 99.96 20,21,22,25      0.59 16.209 471.853 -0.179 2.0
   39      1  9B1  0.03 99.96 20,21,22,24       0.7 16.294  494.11  0.173 2.0
   39      2  9B1  0.03 99.96 20,21,22,24      0.57 16.294  494.11  0.173 2.0
   76      1 19B2  0.26 99.73       22,32      0.85 20.273 479.461  0.324 2.0
   83      1 20B1  0.14 99.85       20,32      0.78  20.72 480.595 -0.259 2.0
   83      2 20B1  0.14 99.85       21,30      0.43  20.72 480.595 -0.259 2.0
  152      1 37B2   0.0 100.0       22,36      0.95 35.144 539.964  -0.27 2.0
  153      1 37B1   0.0 100.0       20,36      0.94 35.579 560.385  0.243 2.0

States multiplicity: 
- 0 Singlet states:  []
- 0 Doublet states:  []
- 179 Triplet states:  [1, 2, 3, 4, 5, 6, 7, 9, 10, 11, 12, 13, 14, 15, 16, 17, 18, 19, 20, 23, 24, 28, 29, 30, 31, 32, 33, 34, 35, 36, 37, 38, 39, 40, 41, 42, 43, 44, 45, 46, 47, 48, 49, 52, 53, 54, 55, 56, 57, 58, 59, 60, 61, 63, 64, 65, 66, 67, 68, 69, 70, 71, 72, 73, 74, 75, 76, 77, 79, 80, 81, 82, 83, 84, 85, 86, 87, 88, 89, 90, 91, 92, 93, 94, 95, 96, 100, 101, 102, 103, 104, 105, 106, 107, 108, 109, 110, 111, 112, 113, 114, 115, 116, 117, 118, 119, 120, 121, 122, 123, 124, 125, 126, 127, 128, 129, 130, 131, 132, 133, 134, 135, 136, 137, 138, 139, 140, 142, 143, 144, 145, 146, 147, 148, 149, 150, 151, 152, 153, 156, 157, 160, 161, 162, 163, 164, 165, 166, 167, 168, 169, 170, 171, 172, 173, 174, 175, 176, 177, 178, 179, 180, 182, 183, 184, 185, 186, 189, 190, 191, 192, 193, 194, 195, 196, 197, 198, 199, 200]
- 0 Quartet states:  []
- 21 Quintet states:  [8, 21, 22, 25, 26, 27, 50, 51, 62, 78, 97, 98, 99, 141, 154, 155, 158, 159, 181, 187, 188]
 
------------------------
 IMPROVED ACTIVE SPACE 
------------------------
Initial active space (HOMO = 22 ): [ 4 , 3 ] ; [20, 21, 22]
Final active space (HOMO = 22 ): [ 6 , 10 ] ; [18, 20, 21, 22, 23, 24, 25, 30, 32, 36]
 
