--------------------------------------
     INPUT SECTION
--------------------------------------
File selected:  seo_2_2.out
Number of states selected:  135
Selected states selected:  [1, 2, 3, 4, 5, 6, 7, 8, 9, 10, 11, 12, 13, 14, 15, 16, 17, 18, 19, 20, 21, 22, 23, 24, 25, 26, 27, 28, 29, 30, 31, 32, 33, 34, 35, 36, 37, 38, 39, 40, 41, 42, 43, 44, 45, 46, 47, 48, 49, 50, 51, 52, 53, 54, 55, 56, 57, 58, 59, 60, 61, 62, 63, 64, 65, 66, 67, 68, 69, 70, 71, 72, 73, 74, 75, 76, 77, 78, 79, 80, 81, 82, 83, 84, 85, 86, 87, 88, 89, 90, 91, 92, 93, 94, 95, 96, 97, 98, 99, 100, 101, 102, 103, 104, 105, 106, 107, 108, 109, 110, 111, 112, 113, 114, 115, 116, 117, 118, 119, 120, 121, 122, 123, 124, 125, 126, 127, 128, 129, 130, 131, 132, 133, 134, 135]
 
------------------------
 RAS-CI RESULTS
------------------------
g-factor (x y z dimensions):
21.169 21.423 -7.105

------------------------
 EXCITED STATES ANALYSIS
------------------------
Configurations cut-off: 0.5
state config sym  hole part unpairedorb amplitude      e    socc     lk  s2
    1      1 1A2 99.96 0.04       20,22      0.75    0.0     0.0    0.0 2.0
    1      2 1A2 99.96 0.04       18,22      0.66    0.0     0.0    0.0 2.0
    3      1 1B2   0.0  0.0       21,22       1.0  3.466 380.565 -1.191 2.0
    4      1 1B1 99.96 0.04       20,21       1.0  3.633 513.675  0.659 2.0
    8      1 2B1 99.99 0.01       18,21       1.0 10.822 496.247 -0.637 2.0

States multiplicity: 
- 0 Singlet states:  []
- 0 Doublet states:  []
- 135 Triplet states:  [1, 2, 3, 4, 5, 6, 7, 8, 9, 10, 11, 12, 13, 14, 15, 16, 17, 18, 19, 20, 21, 22, 23, 24, 25, 26, 27, 28, 29, 30, 31, 32, 33, 34, 35, 36, 37, 38, 39, 40, 41, 42, 43, 44, 45, 46, 47, 48, 49, 50, 51, 52, 53, 54, 55, 56, 57, 58, 59, 60, 61, 62, 63, 64, 65, 66, 67, 68, 69, 70, 71, 72, 73, 74, 75, 76, 77, 78, 79, 80, 81, 82, 83, 84, 85, 86, 87, 88, 89, 90, 91, 92, 93, 94, 95, 96, 97, 98, 99, 100, 101, 102, 103, 104, 105, 106, 107, 108, 109, 110, 111, 112, 113, 114, 115, 116, 117, 118, 119, 120, 121, 122, 123, 124, 125, 126, 127, 128, 129, 130, 131, 132, 133, 134, 135]
- 0 Quartet states:  []
- 0 Quintet states:  []
 
------------------------
 IMPROVED ACTIVE SPACE 
------------------------
Initial active space (HOMO = 22 ): [ 2 , 2 ] ; [21, 22]
Final active space (HOMO = 22 ): [ 6 , 4 ] ; [18, 20, 21, 22]
 
