--------------------------------------
     INPUT SECTION
--------------------------------------
File selected:  seo_6_4.out
Number of states selected:  30
Selected states selected:  [1, 2, 3, 4, 5, 6, 7, 8, 9, 10, 11, 12, 13, 14, 15, 16, 17, 18, 19, 20, 21, 22, 23, 24, 25, 26, 27, 28, 29, 30]
 
------------------------
 RAS-CI RESULTS
------------------------
g-factor (x y z dimensions):
-9.425 -23.037 -290.793

------------------------
 EXCITED STATES ANALYSIS
------------------------
Configurations cut-off: 0.5
state config sym hole  part unpairedorb amplitude      e    socc     lk  s2
    1      1 1A1  0.0 99.86       22,22      0.95    0.0     0.0    0.0 2.0
    2      1 1A2  0.0 94.17       20,22      0.95   0.51  927.74  0.964 2.0
    4      1 1B1  0.0 100.0 20,21,22,22      0.48  3.808 743.641    0.0 6.0
    4      2 1B1  0.0 100.0 20,21,22,22      0.48  3.808 743.641    0.0 6.0
    4      3 1B1  0.0 100.0 20,21,22,22      0.48  3.808 743.641    0.0 6.0
    4      4 1B1  0.0 100.0 20,21,22,22      0.48  3.808 743.641    0.0 6.0
    9      1 3B1 0.04 99.42 20,21,22,22      0.71  5.975 513.869 -0.562 2.0
    9      2 3B1 0.04 99.42 20,21,22,22      0.55  5.975 513.869 -0.562 2.0
   11      1 3A2  0.0 88.18       18,22      0.87  6.111 829.053 -0.117 2.0
   14      1 2B2 0.02 99.02       21,22      0.85   7.52 550.158  0.707 2.0
   14      2 2B2 0.02 99.02       21,22      0.45   7.52 550.158  0.707 2.0
   17      1 3B2 0.12 99.87       22,23       0.8 11.397 485.995  0.106 2.0
   17      2 3B2 0.12 99.87       22,26      0.41 11.397 485.995  0.106 2.0

States multiplicity: 
- 0 Singlet states:  []
- 0 Doublet states:  []
- 26 Triplet states:  [1, 2, 5, 6, 7, 8, 9, 10, 11, 12, 13, 14, 15, 16, 17, 18, 19, 20, 21, 24, 25, 26, 27, 28, 29, 30]
- 0 Quartet states:  []
- 4 Quintet states:  [3, 4, 22, 23]
 
------------------------
 IMPROVED ACTIVE SPACE 
------------------------
Initial active space (HOMO = 22 ): [ 6 , 4 ] ; [18, 20, 21, 22]
Final active space (HOMO = 22 ): [ 6 , 6 ] ; [18, 20, 21, 22, 23, 26]
 
