--------------------------------------
     INPUT SECTION
--------------------------------------
File selected:  v2_3_18.out
Number of states selected:  30
Selected states selected:  [1, 2, 3, 4, 5, 6, 7, 8, 9, 10, 11, 12, 13, 14, 15, 16, 17, 18, 19, 20, 21, 22, 23, 24, 25, 26, 27, 28, 29, 30]
 
------------------------
 RAS-CI RESULTS
------------------------
g-factor (x y z dimensions):
-22.294 -23.774 -36.923

------------------------
 EXCITED STATES ANALYSIS
------------------------
Configurations cut-off: 0.5
state config sym hole  part unpairedorb amplitude     e    socc    lk   s2
    1      1 1Ag  2.1  0.43    22,23,24      0.98   0.0     0.0   0.0 3.75
    2      1 2Ag 0.47 62.27    22,23,31       0.6 0.886 207.253 -1.54 3.75
    2      2 2Ag 0.47 62.27    22,23,28      0.59 0.886 207.253 -1.54 3.75
    4      1 4Ag 4.53 11.83    22,24,29      0.71 1.811 214.897   1.7 3.75
    4      2 4Ag 4.53 11.83    22,24,36      0.57 1.811 214.897   1.7 3.75
    5      1 5Ag 3.57 46.67    23,24,28      0.49  2.09 214.691 1.875 3.75
    5      2 5Ag 3.57 46.67    23,24,31      0.49  2.09 214.691 1.875 3.75
    5      3 5Ag 3.57 46.67    22,23,29      0.39  2.09 214.691 1.875 3.75
    5      4 5Ag 3.57 46.67    22,23,36      0.32  2.09 214.691 1.875 3.75

States multiplicity: 
- 0 Singlet states:  []
- 0 Doublet states:  []
- 0 Triplet states:  []
- 28 Quartet states:  [1, 2, 3, 4, 5, 6, 7, 8, 10, 11, 12, 13, 14, 15, 16, 17, 18, 19, 20, 21, 22, 23, 25, 26, 27, 28, 29, 30]
- 0 Quintet states:  []
 
------------------------
 IMPROVED ACTIVE SPACE 
------------------------
Initial active space (HOMO = 24 ): [ 3 , 18 ] ; [22, 23, 24, 29, 30, 31, 32, 36, 62, 63, 77, 78, 79, 81, 82, 83, 84, 85]
Final active space (HOMO = 24 ): [ 3 , 7 ] ; [22, 23, 24, 28, 29, 31, 36]
 
