--------------------------------------
     INPUT SECTION
--------------------------------------
File selected:  crf_5_5.out
Number of states selected:  200
Selected states selected:  [1, 2, 3, 4, 5, 6, 7, 8, 9, 10, 11, 12, 13, 14, 15, 16, 17, 18, 19, 20, 21, 22, 23, 24, 25, 26, 27, 28, 29, 30, 31, 32, 33, 34, 35, 36, 37, 38, 39, 40, 41, 42, 43, 44, 45, 46, 47, 48, 49, 50, 51, 52, 53, 54, 55, 56, 57, 58, 59, 60, 61, 62, 63, 64, 65, 66, 67, 68, 69, 70, 71, 72, 73, 74, 75, 76, 77, 78, 79, 80, 81, 82, 83, 84, 85, 86, 87, 88, 89, 90, 91, 92, 93, 94, 95, 96, 97, 98, 99, 100, 101, 102, 103, 104, 105, 106, 107, 108, 109, 110, 111, 112, 113, 114, 115, 116, 117, 118, 119, 120, 121, 122, 123, 124, 125, 126, 127, 128, 129, 130, 131, 132, 133, 134, 135, 136, 137, 138, 139, 140, 141, 142, 143, 144, 145, 146, 147, 148, 149, 150, 151, 152, 153, 154, 155, 156, 157, 158, 159, 160, 161, 162, 163, 164, 165, 166, 167, 168, 169, 170, 171, 172, 173, 174, 175, 176, 177, 178, 179, 180, 181, 182, 183, 184, 185, 186, 187, 188, 189, 190, 191, 192, 193, 194, 195, 196, 197, 198, 199, 200]
 
------------------------
 RAS-CI RESULTS
------------------------
g-factor (x y z dimensions):
-35.664 -35.664 -0.124

------------------------
 EXCITED STATES ANALYSIS
------------------------
Configurations cut-off: 0.5
state config  sym  hole  part    unpairedorb amplitude      e    socc     lk   s2
    1      1  1A1   0.0   0.0 15,16,17,18,19       1.0    0.0     0.0    0.0 8.75
    2      1  1B1   0.0 100.0 15,16,18,19,20      0.59  0.911 347.961 -1.431 8.75
    2      2  1B1   0.0 100.0 15,16,18,19,28      0.51  0.911 347.961 -1.431 8.75
    2      3  1B1   0.0 100.0 15,16,18,19,29      0.39  0.911 347.961 -1.431 8.75
    3      1  2B1   0.0 100.0 15,17,18,19,20      0.59  0.911 347.961  1.431 8.75
    3      2  2B1   0.0 100.0 15,17,18,19,28      0.51  0.911 347.961  1.431 8.75
    3      3  2B1   0.0 100.0 15,17,18,19,29      0.39  0.911 347.961  1.431 8.75
    7      1  1B2  0.03 99.97 16,17,18,19,22      0.89  4.604  85.662 -0.394 8.75
    8      1  2B2  0.03 99.97 16,17,18,19,21      0.89  4.604  85.662 -0.394 8.75
   13      1  3B2  0.02 99.98 16,17,18,19,27      0.74  7.615  21.675 -0.091 8.75
   13      2  3B2  0.02 99.98 16,17,18,19,26      0.56  7.615  21.675 -0.091 8.75
   14      1  4B2  0.02 99.98 16,17,18,19,26      0.74  7.615  21.675 -0.091 8.75
   14      2  4B2  0.02 99.98 16,17,18,19,27      0.56  7.615  21.675 -0.091 8.75
   17      1  6B2  0.07 99.93 15,16,17,19,21      0.56  8.363  57.977 -0.279 8.75
   17      2  6B2  0.07 99.93 15,16,17,18,22      0.56  8.363  57.977 -0.279 8.75
   17      3  6B2  0.07 99.93 15,16,17,19,26      0.32  8.363  57.977 -0.279 8.75
   17      4  6B2  0.07 99.93 15,16,17,18,27      0.32  8.363  57.977 -0.279 8.75
   18      1  7B2  0.07 99.93 15,16,17,18,21      0.56  8.363  57.977  0.279 8.75
   18      2  7B2  0.07 99.93 15,16,17,19,22      0.56  8.363  57.977  0.279 8.75
   18      3  7B2  0.07 99.93 15,16,17,18,26      0.32  8.363  57.977  0.279 8.75
   18      4  7B2  0.07 99.93 15,16,17,19,27      0.32  8.363  57.977  0.279 8.75
   24      1  8B2 99.87  0.13 14,16,17,18,19       1.0 10.904  12.299  0.193 8.75
   25      1  4B1 99.87  0.13 13,16,17,18,19       1.0 10.904  12.299 -0.193 8.75
   29      1  5B1  0.02 99.98 15,16,18,19,23      0.53 11.811  78.032  0.183 8.75
   29      2  5B1  0.02 99.98 15,16,18,19,20      0.47 11.811  78.032  0.183 8.75
   29      3  5B1  0.02 99.98 15,17,18,19,23      0.41 11.811  78.032  0.183 8.75
   29      4  5B1  0.02 99.98 15,17,18,19,20      0.36 11.811  78.032  0.183 8.75
   29      5  5B1  0.02 99.98 15,16,18,19,29      0.32 11.811  78.032  0.183 8.75
   30      1  6B1  0.02 99.98 15,17,18,19,23      0.53 11.811  78.032 -0.183 8.75
   30      2  6B1  0.02 99.98 15,17,18,19,20      0.47 11.811  78.032 -0.183 8.75
   30      3  6B1  0.02 99.98 15,16,18,19,23      0.41 11.811  78.032 -0.183 8.75
   30      4  6B1  0.02 99.98 15,16,18,19,20      0.36 11.811  78.032 -0.183 8.75
   30      5  6B1  0.02 99.98 15,17,18,19,29      0.32 11.811  78.032 -0.183 8.75
   36      1  7B1  0.05 99.95 15,17,18,19,23      0.57 13.209  83.263  0.146 8.75
   36      2  7B1  0.05 99.95 15,16,18,19,23      0.41 13.209  83.263  0.146 8.75
   36      3  7B1  0.05 99.95 15,17,18,19,29      0.39 13.209  83.263  0.146 8.75
   36      4  7B1  0.05 99.95 15,17,18,19,20      0.31 13.209  83.263  0.146 8.75
   37      1  8B1  0.05 99.95 15,16,18,19,23      0.57 13.209  83.263 -0.146 8.75
   37      2  8B1  0.05 99.95 15,17,18,19,23      0.41 13.209  83.263 -0.146 8.75
   37      3  8B1  0.05 99.95 15,16,18,19,29      0.39 13.209  83.263 -0.146 8.75
   37      4  8B1  0.05 99.95 15,16,18,19,20      0.31 13.209  83.263 -0.146 8.75
   41      1 10B2  0.01 99.99 15,17,18,19,24      0.57 13.594  56.618 -0.012 8.75
   41      2 10B2  0.01 99.99 15,16,18,19,25      0.57 13.594  56.618 -0.012 8.75
   41      3 10B2  0.01 99.99 15,16,18,19,24      0.37 13.594  56.618 -0.012 8.75
   41      4 10B2  0.01 99.99 15,17,18,19,25      0.37 13.594  56.618 -0.012 8.75
   42      1 10B1  0.01 99.99 15,17,18,19,25      0.57 13.594  56.618 -0.012 8.75
   42      2 10B1  0.01 99.99 15,16,18,19,24      0.57 13.594  56.618 -0.012 8.75
   42      3 10B1  0.01 99.99 15,16,18,19,25      0.37 13.594  56.618 -0.012 8.75
   42      4 10B1  0.01 99.99 15,17,18,19,24      0.37 13.594  56.618 -0.012 8.75
   45      1 12B1  0.02 99.98 15,16,17,18,27      0.56 13.844  41.478  0.099 8.75
   45      2 12B1  0.02 99.98 15,16,17,19,26      0.56 13.844  41.478  0.099 8.75
   45      3 12B1  0.02 99.98 15,16,17,18,22      0.31 13.844  41.478  0.099 8.75
   45      4 12B1  0.02 99.98 15,16,17,19,21      0.31 13.844  41.478  0.099 8.75
   46      1 12B2  0.02 99.98 15,16,17,19,27      0.56 13.844  41.478  0.099 8.75
   46      2 12B2  0.02 99.98 15,16,17,18,26      0.56 13.844  41.478  0.099 8.75
   46      3 12B2  0.02 99.98 15,16,17,19,22      0.31 13.844  41.478  0.099 8.75
   46      4 12B2  0.02 99.98 15,16,17,18,21      0.31 13.844  41.478  0.099 8.75
   53      1 13B1  8.47 91.53 15,16,18,19,28      0.57 15.883    7.74  -0.33 8.75
   53      2 13B1  8.47 91.53 15,17,18,19,28      0.45 15.883    7.74  -0.33 8.75
   53      3 13B1  8.47 91.53 15,16,18,19,29      0.43 15.883    7.74  -0.33 8.75
   53      4 13B1  8.47 91.53 15,17,18,19,29      0.34 15.883    7.74  -0.33 8.75
   54      1 14B1  8.47 91.53 15,17,18,19,28      0.57 15.883    7.74   0.33 8.75
   54      2 14B1  8.47 91.53 15,16,18,19,28      0.45 15.883    7.74   0.33 8.75
   54      3 14B1  8.47 91.53 15,17,18,19,29      0.43 15.883    7.74   0.33 8.75
   54      4 14B1  8.47 91.53 15,16,18,19,29      0.34 15.883    7.74   0.33 8.75
   55      1 13B2 91.35  8.65 12,15,16,18,19      0.89 16.045  62.406 -0.495 8.75
   56      1 15B1 91.35  8.65 12,15,17,18,19      0.89 16.045  62.406 -0.495 8.75
   64      1 17B1 99.74  0.26 13,15,16,17,19      0.65 16.595  15.875   0.19 8.75
   64      2 17B1 99.74  0.26 14,15,16,17,18      0.65 16.595  15.875   0.19 8.75
   65      1 18B1 99.74  0.26 13,15,16,17,18      0.65 16.595  15.875   0.19 8.75
   65      2 18B1 99.74  0.26 14,15,16,17,19      0.65 16.595  15.875   0.19 8.75
   69      1 15B2  0.35 99.65 16,17,18,19,33      0.78 17.556   9.296 -0.049 8.75
   69      2 15B2  0.35 99.65 16,17,18,19,32      0.62 17.556   9.296 -0.049 8.75
   70      1 16B2  0.35 99.65 16,17,18,19,32      0.78 17.556   9.296 -0.049 8.75
   70      2 16B2  0.35 99.65 16,17,18,19,33      0.62 17.556   9.296 -0.049 8.75
   78      1 21B1   0.0 100.0 15,17,18,19,31      0.62 21.622  186.22 -0.025 8.75
   78      2 21B1   0.0 100.0 15,16,18,19,30      0.62 21.622  186.22 -0.025 8.75
   79      1 17B2   0.0 100.0 15,17,18,19,30      0.62 21.622  186.22 -0.025 8.75
   79      2 17B2   0.0 100.0 15,16,18,19,31      0.62 21.622  186.22 -0.025 8.75
   80      1 22B1  0.01 99.99 15,16,17,19,32      0.55 21.814  66.808 -0.048 8.75
   80      2 22B1  0.01 99.99 15,16,17,18,33      0.55 21.814  66.808 -0.048 8.75
   80      3 22B1  0.01 99.99 15,16,17,19,33      0.32 21.814  66.808 -0.048 8.75
   80      4 22B1  0.01 99.99 15,16,17,18,32      0.32 21.814  66.808 -0.048 8.75
   81      1 23B1  0.01 99.99 15,16,17,18,32      0.55 21.814  66.808  0.048 8.75
   81      2 23B1  0.01 99.99 15,16,17,19,33      0.55 21.814  66.808  0.048 8.75
   81      3 23B1  0.01 99.99 15,16,17,18,33      0.32 21.814  66.808  0.048 8.75
   81      4 23B1  0.01 99.99 15,16,17,19,32      0.32 21.814  66.808  0.048 8.75
   89      1 26B1   0.0 100.0 15,16,18,19,34      0.73 23.341  93.268 -0.128 8.75
   89      2 26B1   0.0 100.0 15,17,18,19,34      0.57 23.341  93.268 -0.128 8.75
   90      1 27B1   0.0 100.0 15,17,18,19,34      0.73 23.341  93.268  0.128 8.75
   90      2 27B1   0.0 100.0 15,16,18,19,34      0.57 23.341  93.268  0.128 8.75
   93      1 18B2   0.0 100.0 16,17,18,19,36      0.99 26.905   12.16 -0.048 8.75
   94      1 19B2   0.0 100.0 16,17,18,19,37      0.99 26.905   12.16 -0.048 8.75
   97      1 28B1   0.0 100.0 15,16,18,19,35      0.73 31.547  31.498   0.13 8.75
   97      2 28B1   0.0 100.0 15,17,18,19,35      0.66 31.547  31.498   0.13 8.75
   98      1 29B1   0.0 100.0 15,17,18,19,35      0.73 31.547  31.498  -0.13 8.75
   98      2 29B1   0.0 100.0 15,16,18,19,35      0.66 31.547  31.498  -0.13 8.75
  101      1 22B2   0.0 100.0 15,16,17,18,37      0.61  32.36   6.145 -0.034 8.75
  101      2 22B2   0.0 100.0 15,16,17,19,36      0.61  32.36   6.145 -0.034 8.75
  101      3 22B2   0.0 100.0 15,16,17,19,37      0.36  32.36   6.145 -0.034 8.75
  101      4 22B2   0.0 100.0 15,16,17,18,36      0.36  32.36   6.145 -0.034 8.75
  102      1 23B2   0.0 100.0 15,16,17,19,37      0.61  32.36   6.145 -0.034 8.75
  102      2 23B2   0.0 100.0 15,16,17,18,36      0.61  32.36   6.145 -0.034 8.75
  102      3 23B2   0.0 100.0 15,16,17,18,37      0.36  32.36   6.145 -0.034 8.75
  102      4 23B2   0.0 100.0 15,16,17,19,36      0.36  32.36   6.145 -0.034 8.75
  111      1 30B1  0.11 99.89 15,16,18,19,38      0.64 39.711  67.147 -0.116 8.75
  111      2 30B1  0.11 99.89 15,17,18,19,38      0.63 39.711  67.147 -0.116 8.75
  112      1 31B1  0.11 99.89 15,17,18,19,38      0.64 39.711  67.147  0.116 8.75
  112      2 31B1  0.11 99.89 15,16,18,19,38      0.63 39.711  67.147  0.116 8.75
  113      1 24B2   1.6  98.4 16,17,18,19,39       0.8 40.184 299.592 -0.115 8.75
  113      2 24B2   1.6  98.4 16,17,18,19,40      0.52 40.184 299.592 -0.115 8.75
  114      1 25B2   1.6  98.4 16,17,18,19,40       0.8 40.184 299.592  0.115 8.75
  114      2 25B2   1.6  98.4 16,17,18,19,39      0.52 40.184 299.592  0.115 8.75
  117      1 28B2 96.62  3.38 11,15,16,18,19      0.91 40.509  39.616 -0.079 8.75
  118      1 32B1 96.62  3.38 11,15,17,18,19      0.91 40.509  39.616 -0.079 8.75
  121      1 29B2  1.66 98.34 15,16,17,19,40      0.52 40.865  75.855  0.215 8.75
  121      2 29B2  1.66 98.34 15,16,17,18,39      0.52 40.865  75.855  0.215 8.75
  121      3 29B2  1.66 98.34 15,16,17,18,40      0.42 40.865  75.855  0.215 8.75
  121      4 29B2  1.66 98.34 15,16,17,19,39      0.42 40.865  75.855  0.215 8.75
  122      1 30B2  1.66 98.34 15,16,17,18,40      0.52 40.865  75.855  0.215 8.75
  122      2 30B2  1.66 98.34 15,16,17,19,39      0.52 40.865  75.855  0.215 8.75
  122      3 30B2  1.66 98.34 15,16,17,19,40      0.42 40.865  75.855  0.215 8.75
  122      4 30B2  1.66 98.34 15,16,17,18,39      0.42 40.865  75.855  0.215 8.75
  130      1 33B1   0.0 100.0 15,17,18,19,41      0.66 44.877  99.636  0.022 8.75
  130      2 33B1   0.0 100.0 15,16,18,19,41      0.62 44.877  99.636  0.022 8.75
  131      1 34B1   0.0 100.0 15,16,18,19,41      0.66 44.877  99.636 -0.022 8.75
  131      2 34B1   0.0 100.0 15,17,18,19,41      0.62 44.877  99.636 -0.022 8.75
  135      1 35B1   0.0 100.0 15,17,18,19,42      0.76 54.607  86.805 -0.113 8.75
  135      2 35B1   0.0 100.0 15,16,18,19,42      0.62 54.607  86.805 -0.113 8.75
  136      1 36B1   0.0 100.0 15,16,18,19,42      0.76 54.607  86.805  0.113 8.75
  136      2 36B1   0.0 100.0 15,17,18,19,42      0.62 54.607  86.805  0.113 8.75
  137      1 37B1   0.0 100.0 16,17,18,19,43      0.84 59.542 151.177 -0.083 8.75
  138      1 31B2   0.0 100.0 16,17,18,19,44      0.84 59.542 151.177 -0.083 8.75
  141      1 33B2   0.0 100.0 15,16,17,19,44      0.46  60.15 275.971 -0.052 8.75
  141      2 33B2   0.0 100.0 15,16,17,18,43      0.46  60.15 275.971 -0.052 8.75
  141      3 33B2   0.0 100.0 15,16,17,18,44      0.39  60.15 275.971 -0.052 8.75
  141      4 33B2   0.0 100.0 15,16,17,19,43      0.39  60.15 275.971 -0.052 8.75
  142      1 34B2   0.0 100.0 15,16,17,18,44      0.46  60.15 275.971 -0.052 8.75
  142      2 34B2   0.0 100.0 15,16,17,19,43      0.46  60.15 275.971 -0.052 8.75
  142      3 34B2   0.0 100.0 15,16,17,19,44      0.39  60.15 275.971 -0.052 8.75
  142      4 34B2   0.0 100.0 15,16,17,18,43      0.39  60.15 275.971 -0.052 8.75
  150      1 35B2   0.0 100.0 15,17,18,19,47      0.55 61.974 453.109  0.033 8.75
  150      2 35B2   0.0 100.0 15,17,18,19,48      0.54 61.974 453.109  0.033 8.75
  150      3 35B2   0.0 100.0 15,16,18,19,49      0.54 61.974 453.109  0.033 8.75
  151      1 36B2   0.0 100.0 15,16,18,19,47      0.55 61.974 453.109 -0.033 8.75
  151      2 36B2   0.0 100.0 15,17,18,19,49      0.54 61.974 453.109 -0.033 8.75
  151      3 36B2   0.0 100.0 15,16,18,19,48      0.54 61.974 453.109 -0.033 8.75
  158      1 38B2   0.0 100.0 15,16,18,19,47      0.78 63.351 107.044  -0.09 8.75
  159      1 39B2   0.0 100.0 15,17,18,19,47      0.78 63.351 107.044   0.09 8.75
  164      1 40B2   0.0 100.0 16,17,18,19,51      0.76 68.259   6.843  0.008 8.75
  164      2 40B2   0.0 100.0 16,17,18,19,50      0.59 68.259   6.843  0.008 8.75
  165      1 41B2   0.0 100.0 16,17,18,19,50      0.76 68.259   6.843  0.008 8.75
  165      2 41B2   0.0 100.0 16,17,18,19,51      0.59 68.259   6.843  0.008 8.75
  172      1 41B1   0.0 100.0 15,16,18,19,46      0.52 70.889  72.463 -0.363 8.75
  172      2 41B1   0.0 100.0 15,17,18,19,45      0.52 70.889  72.463 -0.363 8.75
  172      3 41B1   0.0 100.0 15,17,18,19,46       0.3 70.889  72.463 -0.363 8.75
  172      4 41B1   0.0 100.0 15,16,18,19,45       0.3 70.889  72.463 -0.363 8.75
  172      5 41B1   0.0 100.0 15,16,17,19,50      0.27 70.889  72.463 -0.363 8.75
  172      6 41B1   0.0 100.0 15,16,17,18,51      0.27 70.889  72.463 -0.363 8.75
  173      1 43B2   0.0 100.0 15,16,18,19,45      0.52 70.889  72.463 -0.363 8.75
  173      2 43B2   0.0 100.0 15,17,18,19,46      0.52 70.889  72.463 -0.363 8.75
  173      3 43B2   0.0 100.0 15,17,18,19,45       0.3 70.889  72.463 -0.363 8.75
  173      4 43B2   0.0 100.0 15,16,18,19,46       0.3 70.889  72.463 -0.363 8.75
  173      5 43B2   0.0 100.0 15,16,17,18,50      0.27 70.889  72.463 -0.363 8.75
  173      6 43B2   0.0 100.0 15,16,17,19,51      0.27 70.889  72.463 -0.363 8.75
  176      1 45B2   0.0 100.0 15,16,17,18,51      0.48 70.965  98.036  0.369 8.75
  176      2 45B2   0.0 100.0 15,16,17,19,50      0.48 70.965  98.036  0.369 8.75
  176      3 45B2   0.0 100.0 15,17,18,19,45       0.3 70.965  98.036  0.369 8.75
  176      4 45B2   0.0 100.0 15,16,18,19,46       0.3 70.965  98.036  0.369 8.75
  176      5 45B2   0.0 100.0 15,16,17,19,51      0.26 70.965  98.036  0.369 8.75
  176      6 45B2   0.0 100.0 15,16,17,18,50      0.26 70.965  98.036  0.369 8.75
  177      1 46B2   0.0 100.0 15,16,17,19,51      0.48 70.965  98.036  0.369 8.75
  177      2 46B2   0.0 100.0 15,16,17,18,50      0.48 70.965  98.036  0.369 8.75
  177      3 46B2   0.0 100.0 15,17,18,19,46       0.3 70.965  98.036  0.369 8.75
  177      4 46B2   0.0 100.0 15,16,18,19,45       0.3 70.965  98.036  0.369 8.75
  177      5 46B2   0.0 100.0 15,16,17,18,51      0.26 70.965  98.036  0.369 8.75
  177      6 46B2   0.0 100.0 15,16,17,19,50      0.26 70.965  98.036  0.369 8.75
  185      1 43B1   0.0 100.0 15,17,18,19,52      0.73 80.399 132.311  0.241 8.75
  185      2 43B1   0.0 100.0 15,16,18,19,52      0.59 80.399 132.311  0.241 8.75
  186      1 44B1   0.0 100.0 15,16,18,19,52      0.73 80.399 132.311 -0.241 8.75
  186      2 44B1   0.0 100.0 15,17,18,19,52      0.59 80.399 132.311 -0.241 8.75
  194      1 51B2   0.0 100.0 15,16,18,19,53      0.53 84.326  24.263   0.16 8.75
  194      2 51B2   0.0 100.0 15,17,18,19,54      0.53 84.326  24.263   0.16 8.75
  194      3 51B2   0.0 100.0 15,16,17,19,56      0.46 84.326  24.263   0.16 8.75
  194      4 51B2   0.0 100.0 15,16,17,18,55      0.46 84.326  24.263   0.16 8.75
  195      1 45B1   0.0 100.0 15,16,18,19,54      0.53 84.326  24.263  -0.16 8.75
  195      2 45B1   0.0 100.0 15,17,18,19,53      0.53 84.326  24.263  -0.16 8.75
  195      3 45B1   0.0 100.0 15,16,17,18,56      0.46 84.326  24.263  -0.16 8.75
  195      4 45B1   0.0 100.0 15,16,17,19,55      0.46 84.326  24.263  -0.16 8.75

States multiplicity: 
- 0 Singlet states:  []
- 0 Doublet states:  []
- 0 Triplet states:  []
- 0 Quartet states:  []
- 0 Quintet states:  []
 
------------------------
 IMPROVED ACTIVE SPACE 
------------------------
Initial active space (HOMO = 19 ): [ 5 , 5 ] ; [15, 16, 17, 18, 19]
Final active space (HOMO = 19 ): [ 13 , 46 ] ; [11, 12, 13, 14, 15, 16, 17, 18, 19, 20, 21, 22, 23, 24, 25, 26, 27, 28, 29, 30, 31, 32, 33, 34, 35, 36, 37, 38, 39, 40, 41, 42, 43, 44, 45, 46, 47, 48, 49, 50, 51, 52, 53, 54, 55, 56]
 
--------------------------------
 SUM-OVER-STATE ANALYSIS
--------------------------------
 state      gxx      gyy  gzz
     1    0.000    0.000  0.0
     2 -112.084  271.062 -0.0
     3 -271.062 -112.084 -0.0
     4   -0.000   -0.000  0.0
     5    0.000   -0.000 -0.0
     6    0.000    0.000 -0.0
     7    1.044    3.636  0.0
     8    3.636   -1.044  0.0
     9   -0.000   -0.000  0.0
    10   -0.000    0.000 -0.0
    11    0.000    0.000  0.0
    12    0.000    0.000 -0.0
    13   -0.096    0.128  0.0
    14    0.128    0.096 -0.0
    15   -0.000   -0.000 -0.0
    16   -0.000    0.000  0.0
    17    0.958   -0.404 -0.0
    18   -0.404   -0.958  0.0
    19    0.000   -0.000 -0.0
    20    0.000    0.000 -0.0
    21    0.000    0.000  0.0
    22   -0.000    0.000 -0.0
    23   -0.000   -0.000 -0.0
    24   -0.004   -0.108  0.0
    25    0.108   -0.004  0.0
    26   -0.000    0.000  0.0
    27    0.000    0.000 -0.0
    28   -0.000   -0.000 -0.0
    29   -0.462   -0.600  0.0
    30    0.600   -0.462 -0.0
    31   -0.000   -0.000 -0.0
    32    0.000   -0.000  0.0
    33    0.000   -0.000 -0.0
    34   -0.000   -0.000  0.0
    35   -0.000    0.000  0.0
    36   -0.455   -0.327  0.0
    37   -0.327    0.455  0.0
    38   -0.000   -0.000 -0.0
    39   -0.000   -0.000  0.0
    40   -0.000    0.000 -0.0
    41   -0.016    0.024  0.0
    42    0.024    0.016 -0.0
    43   -0.000   -0.000  0.0
    44    0.000    0.000 -0.0
    45   -0.147   -0.060  0.0
    46    0.060   -0.147 -0.0
    47    0.000    0.000  0.0
    48    0.000   -0.000  0.0
    49   -0.000    0.000 -0.0
    50    0.000    0.000  0.0
    51   -0.000    0.000 -0.0
    52   -0.000   -0.000 -0.0
    53    0.063    0.080 -0.0
    54   -0.080    0.063  0.0
    55   -0.349    0.954  0.0
    56    0.954    0.349 -0.0
    57    0.000   -0.000 -0.0
    58   -0.000    0.000  0.0
    59    0.000   -0.000 -0.0
    60   -0.000    0.000 -0.0
    61   -0.000   -0.000  0.0
    62    0.000    0.000 -0.0
    63    0.000   -0.000 -0.0
    64   -0.090   -0.038  0.0
    65    0.038   -0.090 -0.0
    66    0.000    0.000  0.0
    67    0.000    0.000  0.0
    68   -0.000    0.000 -0.0
    69   -0.010    0.013  0.0
    70    0.013    0.010 -0.0
    71    0.000    0.000 -0.0
    72   -0.000    0.000 -0.0
    73    0.000    0.000  0.0
    74   -0.000    0.000 -0.0
    75    0.000   -0.000  0.0
    76   -0.000   -0.000 -0.0
    77   -0.000   -0.000 -0.0
    78    0.107   -0.005 -0.0
    79    0.005    0.107  0.0
    80    0.073    0.043 -0.0
    81    0.043   -0.073 -0.0
    82   -0.000   -0.000  0.0
    83    0.000   -0.000 -0.0
    84    0.000   -0.000  0.0
    85    0.000    0.000  0.0
    86    0.000   -0.000 -0.0
    87   -0.000    0.000 -0.0
    88   -0.000   -0.000 -0.0
    89    0.199    0.254  0.0
    90   -0.254    0.199 -0.0
    91    0.000    0.000 -0.0
    92   -0.000   -0.000 -0.0
    93    0.011   -0.002  0.0
    94    0.002    0.011  0.0
    95    0.000   -0.000  0.0
    96    0.000    0.000  0.0
    97   -0.058   -0.065  0.0
    98    0.065   -0.058  0.0
    99   -0.000    0.000 -0.0
   100    0.000    0.000 -0.0
   101    0.003    0.002 -0.0
   102   -0.002    0.003  0.0
   103   -0.000    0.000  0.0
   104   -0.000   -0.000  0.0
   105    0.000    0.000 -0.0
   106   -0.000    0.000 -0.0
   107    0.000    0.000  0.0
   108   -0.000   -0.000  0.0
   109   -0.000    0.000  0.0
   110   -0.000   -0.000  0.0
   111    0.096    0.097  0.0
   112   -0.097    0.096 -0.0
   113    0.426   -0.276 -0.0
   114   -0.276   -0.426  0.0
   115    0.000    0.000  0.0
   116   -0.000    0.000 -0.0
   117   -0.016    0.038  0.0
   118    0.038    0.016 -0.0
   119   -0.000    0.000  0.0
   120    0.000    0.000 -0.0
   121   -0.162   -0.198  0.0
   122   -0.198    0.162  0.0
   123   -0.000   -0.000  0.0
   124   -0.000    0.000  0.0
   125   -0.000   -0.000  0.0
   126    0.000   -0.000 -0.0
   127   -0.000   -0.000 -0.0
   128   -0.000    0.000  0.0
   129   -0.000   -0.000  0.0
   130   -0.024   -0.023 -0.0
   131   -0.023    0.024 -0.0
   132    0.000   -0.000 -0.0
   133    0.000    0.000 -0.0
   134   -0.000   -0.000  0.0
   135    0.089    0.073  0.0
   136    0.073   -0.089  0.0
   137    0.104   -0.046 -0.0
   138    0.046    0.104 -0.0
   139   -0.000   -0.000 -0.0
   140    0.000   -0.000  0.0
   141    0.102    0.119 -0.0
   142    0.119   -0.102 -0.0
   143   -0.000   -0.000  0.0
   144   -0.000    0.000 -0.0
   145   -0.000    0.000 -0.0
   146   -0.000   -0.000 -0.0
   147   -0.000    0.000 -0.0
   148   -0.000   -0.000 -0.0
   149   -0.000    0.000 -0.0
   150   -0.119   -0.032 -0.0
   151   -0.032    0.119 -0.0
   152    0.000    0.000 -0.0
   153    0.000   -0.000  0.0
   154    0.000   -0.000 -0.0
   155   -0.000   -0.000 -0.0
   156    0.000   -0.000 -0.0
   157   -0.000   -0.000 -0.0
   158    0.021    0.075  0.0
   159   -0.075    0.021 -0.0
   160   -0.000   -0.000 -0.0
   161    0.000    0.000 -0.0
   162    0.000   -0.000 -0.0
   163    0.000    0.000 -0.0
   164    0.000   -0.000  0.0
   165   -0.000   -0.000 -0.0
   166   -0.000    0.000  0.0
   167    0.000    0.000 -0.0
   168   -0.000    0.000  0.0
   169   -0.000   -0.000  0.0
   170    0.000    0.000 -0.0
   171    0.000   -0.000 -0.0
   172    0.184    0.109 -0.0
   173   -0.109    0.184  0.0
   174    0.000    0.000 -0.0
   175    0.000   -0.000  0.0
   176   -0.253   -0.135 -0.0
   177    0.135   -0.253  0.0
   178    0.000    0.000  0.0
   179    0.000   -0.000  0.0
   180    0.000   -0.000  0.0
   181    0.000    0.000 -0.0
   182    0.000    0.000  0.0
   183   -0.000    0.000 -0.0
   184   -0.000   -0.000 -0.0
   185   -0.196   -0.160 -0.0
   186   -0.160    0.196 -0.0
   187    0.000   -0.000  0.0
   188   -0.000   -0.000 -0.0
   189    0.000    0.000 -0.0
   190   -0.000    0.000  0.0
   191    0.000   -0.000 -0.0
   192    0.000    0.000 -0.0
   193   -0.000    0.000  0.0
   194    0.001   -0.023 -0.0
   195    0.023    0.001 -0.0
   196   -0.000   -0.000  0.0
   197   -0.000    0.000 -0.0
   198    0.000    0.000 -0.0
   199    0.000   -0.000 -0.0
   200    0.000    0.000  0.0

