--------------------------------------
     INPUT SECTION
--------------------------------------
File selected:  ge2_3_3.out
Number of states selected:  200
Selected states selected:  [1, 2, 3, 4, 5, 6, 7, 8, 9, 10, 11, 12, 13, 14, 15, 16, 17, 18, 19, 20, 21, 22, 23, 24, 25, 26, 27, 28, 29, 30, 31, 32, 33, 34, 35, 36, 37, 38, 39, 40, 41, 42, 43, 44, 45, 46, 47, 48, 49, 50, 51, 52, 53, 54, 55, 56, 57, 58, 59, 60, 61, 62, 63, 64, 65, 66, 67, 68, 69, 70, 71, 72, 73, 74, 75, 76, 77, 78, 79, 80, 81, 82, 83, 84, 85, 86, 87, 88, 89, 90, 91, 92, 93, 94, 95, 96, 97, 98, 99, 100, 101, 102, 103, 104, 105, 106, 107, 108, 109, 110, 111, 112, 113, 114, 115, 116, 117, 118, 119, 120, 121, 122, 123, 124, 125, 126, 127, 128, 129, 130, 131, 132, 133, 134, 135, 136, 137, 138, 139, 140, 141, 142, 143, 144, 145, 146, 147, 148, 149, 150, 151, 152, 153, 154, 155, 156, 157, 158, 159, 160, 161, 162, 163, 164, 165, 166, 167, 168, 169, 170, 171, 172, 173, 174, 175, 176, 177, 178, 179, 180, 181, 182, 183, 184, 185, 186, 187, 188, 189, 190, 191, 192, 193, 194, 195, 196, 197, 198, 199, 200]
 
------------------------
 RAS-CI RESULTS
------------------------
g-factor (x y z dimensions):
-36.19 -36.125 -0.29

------------------------
 EXCITED STATES ANALYSIS
------------------------
Configurations cut-off: 0.5
state config   sym  hole  part unpairedorb amplitude      e    socc     lk   s2
    1      1  1B1g   0.0   0.0    31,32,33       1.0    0.0     0.0    0.0 3.75
    5      1  1B3g  1.08 98.92    32,33,35      0.99  2.725 756.885  1.127 3.75
    6      1  1B2g  1.08 98.92    32,33,34      0.99  2.725 756.885  1.127 3.75
    9      1  2B3g 26.84 73.16    31,32,36      0.83  5.237 580.496  0.328 3.75
    9      2  2B3g 26.84 73.16    30,31,32      0.52  5.237 580.496  0.328 3.75
   10      1  2B2g 26.84 73.16    31,33,36      0.83  5.237 580.496  0.328 3.75
   10      2  2B2g 26.84 73.16    30,31,33      0.52  5.237 580.496  0.328 3.75
   11      1  3B2g 71.18 28.82    30,31,33      0.84  5.956 277.477 -1.084 3.75
   11      2  3B2g 71.18 28.82    31,33,36       0.5  5.956 277.477 -1.084 3.75
   12      1  3B3g 71.18 28.82    30,31,32      0.84  5.956 277.477  1.084 3.75
   12      2  3B3g 71.18 28.82    31,32,36       0.5  5.956 277.477  1.084 3.75
   30      1  4B2g  0.05 99.95    31,33,42      0.98  11.76 311.727  0.421 3.75
   31      1  4B3g  0.05 99.95    31,32,42      0.98  11.76 311.727  0.421 3.75
   37      1  9B1g  0.66 99.34    31,32,44      0.69 13.073   19.62 -0.824 3.75
   37      2  9B1g  0.66 99.34    31,33,43      0.69 13.073   19.62 -0.824 3.75
   38      1 10B1g  0.66 99.34    31,32,43      0.69 13.073   19.62 -0.824 3.75
   38      2 10B1g  0.66 99.34    31,33,44      0.69 13.073   19.62 -0.824 3.75
   54      1  5B3g  0.04 99.96    32,33,49      0.94  15.87 420.364  0.292 3.75
   55      1  5B2g  0.04 99.96    32,33,48      0.94  15.87 420.364 -0.292 3.75
   56      1  6B2g  0.01 99.99    31,33,50      0.93 16.274 734.328  0.397 3.75
   57      1  6B3g  0.01 99.99    31,32,50      0.93 16.274 734.328  0.397 3.75
   63      1  7B3g  0.07 99.93    32,33,52       1.0 18.546 444.283  0.245 3.75
   64      1  7B2g  0.07 99.93    32,33,51       1.0 18.546 444.283 -0.245 3.75
   68      1  8B2g   0.0 100.0    31,33,54      0.99 25.057  421.36  -0.27 3.75
   69      1  8B3g   0.0 100.0    31,32,54      0.99 25.057  421.36  -0.27 3.75
   88      1 11B3g  0.17 99.83    31,32,60       0.7 31.183  27.759  -0.44 3.75
   88      2 11B3g  0.17 99.83    31,33,61       0.7 31.183  27.759  -0.44 3.75
   89      1  9B2g  0.17 99.83    31,32,61       0.7 31.183  27.759  -0.44 3.75
   89      2  9B2g  0.17 99.83    31,33,60       0.7 31.183  27.759  -0.44 3.75
  106      1 12B3g  0.81 99.19    32,33,65      0.98 34.304  97.496  0.274 3.75
  107      1 10B2g  0.81 99.19    32,33,64      0.98 34.304  97.496 -0.274 3.75
  117      1 11B2g  1.89 98.11    31,33,70      0.98 35.637  80.322 -0.209 3.75
  118      1 13B3g  1.89 98.11    31,32,70      0.98 35.637  80.322 -0.209 3.75
  121      1 12B2g 97.58  2.42    26,32,33      0.99 35.868  85.265 -0.486 3.75
  122      1 14B3g 97.58  2.42    27,32,33      0.99 35.868  85.265 -0.486 3.75
  135      1 15B3g 99.77  0.23    28,31,32      0.94 37.167 137.286  0.379 3.75
  136      1 13B2g 99.77  0.23    28,31,33      0.94 37.167 137.286 -0.379 3.75
  150      1 16B3g 99.83  0.17    23,31,33      0.67 37.418  42.959  0.444 3.75
  150      2 16B3g 99.83  0.17    22,31,32      0.67 37.418  42.959  0.444 3.75
  151      1 16B2g 99.83  0.17    22,31,33      0.67 37.418  42.959 -0.444 3.75
  151      2 16B2g 99.83  0.17    23,31,32      0.67 37.418  42.959 -0.444 3.75
  157      1 17B3g  0.02 99.98    31,33,73       0.7  38.76  15.178 -0.033 3.75
  157      2 17B3g  0.02 99.98    31,32,74       0.7  38.76  15.178 -0.033 3.75
  158      1 19B2g  0.02 99.98    31,33,74       0.7  38.76  15.178 -0.033 3.75
  158      2 19B2g  0.02 99.98    31,32,73       0.7  38.76  15.178 -0.033 3.75
  164      1 18B3g  0.01 99.99    31,32,76      0.99 44.392 638.383  -0.11 3.75
  165      1 20B2g  0.01 99.99    31,33,76      0.99 44.392 638.383  -0.11 3.75
  171      1 19B3g   0.0 100.0    32,33,78       1.0 46.799 221.718 -0.025 3.75
  172      1 21B2g   0.0 100.0    32,33,77       1.0 46.799 221.718  0.025 3.75
  185      1 20B3g   0.0 100.0    31,32,83       0.9 80.289  278.55 -0.284 3.75
  186      1 22B2g   0.0 100.0    31,33,83       0.9 80.289  278.55 -0.284 3.75
  189      1 25B2g   0.0 100.0    31,33,85      0.64 80.855 189.777 -0.136 3.75
  189      2 25B2g   0.0 100.0    31,32,84      0.64 80.855 189.777 -0.136 3.75
  189      3 25B2g   0.0 100.0    31,33,83      0.43 80.855 189.777 -0.136 3.75
  190      1 21B3g   0.0 100.0    31,33,84      0.64 80.855 189.777  0.136 3.75
  190      2 21B3g   0.0 100.0    31,32,85      0.64 80.855 189.777  0.136 3.75
  190      3 21B3g   0.0 100.0    31,32,83      0.43 80.855 189.777  0.136 3.75
  200      1 22B3g   0.0 100.0    32,33,87       1.0 84.302 208.195  0.232 3.75

States multiplicity: 
- 0 Singlet states:  []
- 0 Doublet states:  []
- 0 Triplet states:  []
- 200 Quartet states:  [1, 2, 3, 4, 5, 6, 7, 8, 9, 10, 11, 12, 13, 14, 15, 16, 17, 18, 19, 20, 21, 22, 23, 24, 25, 26, 27, 28, 29, 30, 31, 32, 33, 34, 35, 36, 37, 38, 39, 40, 41, 42, 43, 44, 45, 46, 47, 48, 49, 50, 51, 52, 53, 54, 55, 56, 57, 58, 59, 60, 61, 62, 63, 64, 65, 66, 67, 68, 69, 70, 71, 72, 73, 74, 75, 76, 77, 78, 79, 80, 81, 82, 83, 84, 85, 86, 87, 88, 89, 90, 91, 92, 93, 94, 95, 96, 97, 98, 99, 100, 101, 102, 103, 104, 105, 106, 107, 108, 109, 110, 111, 112, 113, 114, 115, 116, 117, 118, 119, 120, 121, 122, 123, 124, 125, 126, 127, 128, 129, 130, 131, 132, 133, 134, 135, 136, 137, 138, 139, 140, 141, 142, 143, 144, 145, 146, 147, 148, 149, 150, 151, 152, 153, 154, 155, 156, 157, 158, 159, 160, 161, 162, 163, 164, 165, 166, 167, 168, 169, 170, 171, 172, 173, 174, 175, 176, 177, 178, 179, 180, 181, 182, 183, 184, 185, 186, 187, 188, 189, 190, 191, 192, 193, 194, 195, 196, 197, 198, 199, 200]
- 0 Quintet states:  []
 
------------------------
 IMPROVED ACTIVE SPACE 
------------------------
Initial active space (HOMO = 33 ): [ 3 , 3 ] ; [31, 32, 33]
Final active space (HOMO = 33 ): [ 15 , 35 ] ; [22, 23, 26, 27, 28, 30, 31, 32, 33, 34, 35, 36, 42, 43, 44, 48, 49, 50, 51, 52, 54, 60, 61, 64, 65, 70, 73, 74, 76, 77, 78, 83, 84, 85, 87]
 
--------------------------------
 SUM-OVER-STATE ANALYSIS
--------------------------------
 state      gxx      gyy  gzz
     1    0.000    0.000  0.0
     2    0.000    0.000 -0.0
     3    0.000   -0.000  0.0
     4   -0.000   -0.000 -0.0
     5 -155.233   -0.004 -0.0
     6    0.004 -155.233 -0.0
     7    0.000   -0.000  0.0
     8    0.000   -0.000  0.0
     9  -18.012    0.002 -0.0
    10   -0.002  -18.012 -0.0
    11    0.000   25.042 -0.0
    12  -25.042    0.000  0.0
    13    0.000   -0.000 -0.0
    14    0.000   -0.000  0.0
    15    0.000   -0.000 -0.0
    16   -0.000    0.000  0.0
    17    0.000    0.000 -0.0
    18    0.000   -0.000 -0.0
    19   -0.000    0.000  0.0
    20    0.000    0.000 -0.0
    21   -0.000    0.000 -0.0
    22   -0.000   -0.000  0.0
    23   -0.000    0.000  0.0
    24    0.000    0.000 -0.0
    25    0.000    0.000 -0.0
    26    0.000    0.000 -0.0
    27    0.000   -0.000  0.0
    28    0.000    0.000 -0.0
    29   -0.000    0.000 -0.0
    30    0.000   -5.536  0.0
    31   -5.536   -0.000  0.0
    32   -0.000   -0.000  0.0
    33   -0.000   -0.000 -0.0
    34    0.000   -0.000  0.0
    35   -0.000   -0.000 -0.0
    36    0.000   -0.000  0.0
    37    0.000    0.613 -0.0
    38    0.613   -0.000 -0.0
    39    0.000   -0.000 -0.0
    40    0.000    0.000  0.0
    41    0.000   -0.000 -0.0
    42   -0.000   -0.000  0.0
    43    0.000   -0.000 -0.0
    44   -0.000   -0.000 -0.0
    45    0.000   -0.000  0.0
    46    0.000    0.000  0.0
    47   -0.000   -0.000  0.0
    48    0.000   -0.000 -0.0
    49   -0.000    0.000  0.0
    50    0.000    0.000  0.0
    51    0.000   -0.000 -0.0
    52    0.000    0.000 -0.0
    53   -0.000   -0.000  0.0
    54   -3.833   -0.000  0.0
    55   -0.000    3.833 -0.0
    56    0.001   -8.895 -0.0
    57   -8.895   -0.001 -0.0
    58   -0.000   -0.000  0.0
    59   -0.000    0.000  0.0
    60    0.000   -0.000  0.0
    61    0.000    0.000  0.0
    62    0.000    0.000 -0.0
    63   -2.915    0.000  0.0
    64    0.000    2.915 -0.0
    65    0.000    0.000 -0.0
    66    0.000    0.000  0.0
    67   -0.000    0.000 -0.0
    68   -0.000    2.253 -0.0
    69    2.253    0.000 -0.0
    70   -0.000    0.000  0.0
    71   -0.000   -0.000 -0.0
    72    0.000   -0.000  0.0
    73    0.000   -0.000  0.0
    74    0.000    0.000 -0.0
    75    0.000    0.000  0.0
    76    0.000   -0.000  0.0
    77    0.000    0.000  0.0
    78   -0.000   -0.000  0.0
    79    0.000   -0.000  0.0
    80   -0.000    0.000 -0.0
    81   -0.000   -0.000  0.0
    82   -0.000   -0.000  0.0
    83    0.000    0.000 -0.0
    84    0.000   -0.000  0.0
    85    0.000    0.000 -0.0
    86    0.000    0.000  0.0
    87    0.000   -0.000  0.0
    88    0.194    0.000 -0.0
    89   -0.000    0.194 -0.0
    90   -0.000    0.000 -0.0
    91    0.000    0.000 -0.0
    92    0.000    0.000 -0.0
    93    0.000    0.000 -0.0
    94    0.000   -0.000 -0.0
    95   -0.000   -0.000  0.0
    96    0.000   -0.000  0.0
    97   -0.000   -0.000 -0.0
    98   -0.000   -0.000 -0.0
    99    0.000   -0.000 -0.0
   100    0.000   -0.000 -0.0
   101   -0.000   -0.000 -0.0
   102    0.000   -0.000 -0.0
   103   -0.000   -0.000  0.0
   104    0.000   -0.000 -0.0
   105    0.000    0.000  0.0
   106   -0.387   -0.000 -0.0
   107   -0.000    0.387  0.0
   108   -0.000   -0.000  0.0
   109    0.000   -0.000  0.0
   110    0.000    0.000  0.0
   111    0.000    0.000  0.0
   112    0.000   -0.000 -0.0
   113    0.000    0.000  0.0
   114    0.000   -0.000 -0.0
   115   -0.000    0.000 -0.0
   116    0.000    0.000  0.0
   117   -0.000    0.234  0.0
   118    0.234    0.000  0.0
   119   -0.000    0.000 -0.0
   120   -0.000   -0.000 -0.0
   121    0.000    0.573 -0.0
   122    0.573   -0.000 -0.0
   123    0.000    0.000  0.0
   124    0.000   -0.000 -0.0
   125   -0.000    0.000  0.0
   126    0.000   -0.000  0.0
   127    0.000   -0.000 -0.0
   128    0.000   -0.000 -0.0
   129   -0.000   -0.000  0.0
   130    0.000    0.000 -0.0
   131   -0.000    0.000  0.0
   132   -0.000   -0.000 -0.0
   133    0.000    0.000  0.0
   134   -0.000    0.000  0.0
   135   -0.695   -0.000  0.0
   136   -0.000    0.695 -0.0
   137   -0.000    0.000 -0.0
   138   -0.000   -0.000  0.0
   139    0.000   -0.000  0.0
   140    0.000    0.000  0.0
   141   -0.000    0.000 -0.0
   142    0.000    0.000  0.0
   143    0.000    0.000  0.0
   144   -0.000    0.000  0.0
   145    0.000   -0.000 -0.0
   146    0.000    0.000 -0.0
   147    0.000    0.000  0.0
   148   -0.000    0.000 -0.0
   149    0.000    0.000  0.0
   150   -0.253    0.000  0.0
   151    0.000    0.253 -0.0
   152    0.000    0.000 -0.0
   153    0.000   -0.000 -0.0
   154    0.000   -0.000  0.0
   155   -0.000   -0.000 -0.0
   156    0.000   -0.000  0.0
   157    0.006   -0.000  0.0
   158    0.000    0.006  0.0
   159   -0.000   -0.000  0.0
   160    0.000    0.000  0.0
   161   -0.000   -0.000  0.0
   162   -0.000   -0.000 -0.0
   163    0.000   -0.000  0.0
   164    0.784   -0.000  0.0
   165    0.000    0.784  0.0
   166   -0.000   -0.000  0.0
   167    0.000    0.000  0.0
   168   -0.000    0.000  0.0
   169    0.000   -0.000 -0.0
   170   -0.000   -0.000  0.0
   171    0.059   -0.000  0.0
   172   -0.000   -0.059 -0.0
   173    0.000   -0.000  0.0
   174   -0.000   -0.000 -0.0
   175   -0.000    0.000 -0.0
   176   -0.000   -0.000 -0.0
   177    0.000   -0.000  0.0
   178    0.000    0.000 -0.0
   179    0.000   -0.000  0.0
   180    0.000    0.000  0.0
   181   -0.000   -0.000 -0.0
   182   -0.000    0.000 -0.0
   183    0.000    0.000  0.0
   184   -0.000    0.000  0.0
   185    0.489   -0.000  0.0
   186    0.000    0.489  0.0
   187    0.000    0.000  0.0
   188   -0.000    0.000  0.0
   189   -0.000    0.158  0.0
   190   -0.158   -0.000 -0.0
   191    0.000   -0.000 -0.0
   192    0.000    0.000 -0.0
   193    0.000   -0.000  0.0
   194   -0.000   -0.000  0.0
   195    0.000   -0.000  0.0
   196   -0.000    0.000  0.0
   197   -0.000    0.000  0.0
   198   -0.000    0.000  0.0
   199    0.000   -0.000 -0.0
   200   -0.284   -0.000  0.0

