--------------------------------------
     INPUT SECTION
--------------------------------------
File selected:  mn2_11_11.out
Number of states selected:  200
Selected states selected:  [1, 2, 3, 4, 5, 6, 7, 8, 9, 10, 11, 12, 13, 14, 15, 16, 17, 18, 19, 20, 21, 22, 23, 24, 25, 26, 27, 28, 29, 30, 31, 32, 33, 34, 35, 36, 37, 38, 39, 40, 41, 42, 43, 44, 45, 46, 47, 48, 49, 50, 51, 52, 53, 54, 55, 56, 57, 58, 59, 60, 61, 62, 63, 64, 65, 66, 67, 68, 69, 70, 71, 72, 73, 74, 75, 76, 77, 78, 79, 80, 81, 82, 83, 84, 85, 86, 87, 88, 89, 90, 91, 92, 93, 94, 95, 96, 97, 98, 99, 100, 101, 102, 103, 104, 105, 106, 107, 108, 109, 110, 111, 112, 113, 114, 115, 116, 117, 118, 119, 120, 121, 122, 123, 124, 125, 126, 127, 128, 129, 130, 131, 132, 133, 134, 135, 136, 137, 138, 139, 140, 141, 142, 143, 144, 145, 146, 147, 148, 149, 150, 151, 152, 153, 154, 155, 156, 157, 158, 159, 160, 161, 162, 163, 164, 165, 166, 167, 168, 169, 170, 171, 172, 173, 174, 175, 176, 177, 178, 179, 180, 181, 182, 183, 184, 185, 186, 187, 188, 189, 190, 191, 192, 193, 194, 195, 196, 197, 198, 199, 200]
 
------------------------
 RAS-CI RESULTS
------------------------
g-factor (x y z dimensions):
-0.546 -0.546 -0.0

----------------------
 G-TENSOR ANALYSIS
----------------------
g-shift cut-off: 7.449 7.449 0.0
 
state config. symmetry                     unpaired orb     gxx    gyy  gzz
    1       1     1B1g 20,21,22,23,24,25,26,27,28,29,30      --     --   --
    3       1     1B2g 20,21,22,23,24,25,26,27,28,29,32 -14.898 -0.012  0.0
    4       1     1B3g 20,21,22,23,24,25,26,27,28,29,33  -0.012 14.898 -0.0

-------------------------------
 IMPROVED ACTIVE SPACE BY G-TENSOR
-------------------------------
Initial active space (HOMO = 30 ): [ 11 , 11 ] ; [20, 21, 22, 23, 24, 25, 26, 27, 28, 29, 30]
Final active space (HOMO = 30 ): [ 11 , 13 ] ; [20, 21, 22, 23, 24, 25, 26, 27, 28, 29, 30, 32, 33]
 
------------------------
 EXCITED STATES ANALYSIS
------------------------
Configurations cut-off: 0.5
state config   sym  hole  part                      unpairedorb amplitude      e    socc     lk    s2
    1      1  1B1g   0.0   0.0 20,21,22,23,24,25,26,27,28,29,30       1.0    0.0     0.0    0.0 35.75
    3      1  1B2g   0.0 100.0 20,21,22,23,24,25,26,27,28,29,32      0.98  3.106  113.93  0.819 35.75
    4      1  1B3g   0.0 100.0 20,21,22,23,24,25,26,27,28,29,33      0.98  3.106  113.93 -0.819 35.75
   20      1  2B2g 77.17 22.83 19,20,21,22,23,24,25,26,28,29,30      0.88  8.701  53.632 -0.288 35.75
   20      2  2B2g 77.17 22.83 20,21,22,23,24,25,26,27,28,29,41      0.47  8.701  53.632 -0.288 35.75
   21      1  2B3g 77.17 22.83 19,20,21,22,23,24,25,26,27,29,30      0.88  8.701  53.632  0.288 35.75
   21      2  2B3g 77.17 22.83 20,21,22,23,24,25,26,27,28,29,42      0.47  8.701  53.632  0.288 35.75
   63      1  7B2g   0.0 100.0 21,22,23,24,25,26,27,28,29,30,34      0.75 15.802 224.316  0.202 35.75
   63      2  7B2g   0.0 100.0 20,21,22,23,24,25,26,27,28,30,32      0.47 15.802 224.316  0.202 35.75
   64      1  7B3g   0.0 100.0 21,22,23,24,25,26,27,28,29,30,35      0.75 15.802 224.316 -0.202 35.75
   64      2  7B3g   0.0 100.0 20,21,22,23,24,25,26,27,28,30,33      0.47 15.802 224.316 -0.202 35.75
   78      1  8B2g   0.0 100.0 20,21,22,24,25,26,27,28,29,30,35      0.43 16.073 113.229  0.149 35.75
   78      2  8B2g   0.0 100.0 20,21,22,23,25,26,27,28,29,30,34      0.43 16.073 113.229  0.149 35.75
   78      3  8B2g   0.0 100.0 20,21,22,23,24,26,27,28,29,30,33      0.36 16.073 113.229  0.149 35.75
   78      4  8B2g   0.0 100.0 20,21,22,23,24,25,27,28,29,30,32      0.36 16.073 113.229  0.149 35.75
   78      5  8B2g   0.0 100.0 20,21,22,23,25,26,27,28,29,30,35      0.31 16.073 113.229  0.149 35.75
   78      6  8B2g   0.0 100.0 20,21,22,24,25,26,27,28,29,30,34      0.31 16.073 113.229  0.149 35.75
   78      7  8B2g   0.0 100.0 20,21,22,23,24,26,27,28,29,30,42      0.24 16.073 113.229  0.149 35.75
   78      8  8B2g   0.0 100.0 20,21,22,23,24,25,27,28,29,30,41      0.24 16.073 113.229  0.149 35.75
   79      1  8B3g   0.0 100.0 20,21,22,23,25,26,27,28,29,30,35      0.43 16.073 113.229  0.149 35.75
   79      2  8B3g   0.0 100.0 20,21,22,24,25,26,27,28,29,30,34      0.43 16.073 113.229  0.149 35.75
   79      3  8B3g   0.0 100.0 20,21,22,23,24,25,27,28,29,30,33      0.36 16.073 113.229  0.149 35.75
   79      4  8B3g   0.0 100.0 20,21,22,23,24,26,27,28,29,30,32      0.36 16.073 113.229  0.149 35.75
   79      5  8B3g   0.0 100.0 20,21,22,24,25,26,27,28,29,30,35      0.31 16.073 113.229  0.149 35.75
   79      6  8B3g   0.0 100.0 20,21,22,23,25,26,27,28,29,30,34      0.31 16.073 113.229  0.149 35.75
   79      7  8B3g   0.0 100.0 20,21,22,23,24,25,27,28,29,30,42      0.24 16.073 113.229  0.149 35.75
   79      8  8B3g   0.0 100.0 20,21,22,23,24,26,27,28,29,30,41      0.24 16.073 113.229  0.149 35.75
   91      1 12B2g   0.0 100.0 20,22,23,24,25,26,27,28,29,30,36      0.59 17.087 292.623 -0.143 35.75
   91      2 12B2g   0.0 100.0 20,21,22,23,24,25,26,28,29,30,37      0.49 17.087 292.623 -0.143 35.75
   91      3 12B2g   0.0 100.0 20,22,23,24,25,26,27,28,29,30,40      0.44 17.087 292.623 -0.143 35.75
   91      4 12B2g   0.0 100.0 20,21,22,23,24,25,26,28,29,30,45      0.34 17.087 292.623 -0.143 35.75
   92      1 10B3g   0.0 100.0 20,21,23,24,25,26,27,28,29,30,36      0.59 17.087 292.623 -0.143 35.75
   92      2 10B3g   0.0 100.0 20,21,22,23,24,25,26,27,29,30,37      0.49 17.087 292.623 -0.143 35.75
   92      3 10B3g   0.0 100.0 20,21,23,24,25,26,27,28,29,30,40      0.44 17.087 292.623 -0.143 35.75
   92      4 10B3g   0.0 100.0 20,21,22,23,24,25,26,27,29,30,45      0.34 17.087 292.623 -0.143 35.75
  111      1 16B2g   0.0 100.0 20,21,22,23,24,25,26,27,29,30,39      0.62 17.929  177.85 -0.013 35.75
  111      2 16B2g   0.0 100.0 20,21,22,23,24,25,26,28,29,30,38      0.62 17.929  177.85 -0.013 35.75
  111      3 16B2g   0.0 100.0 20,21,23,24,25,26,27,28,29,30,44      0.31 17.929  177.85 -0.013 35.75
  111      4 16B2g   0.0 100.0 20,22,23,24,25,26,27,28,29,30,43      0.31 17.929  177.85 -0.013 35.75
  112      1 15B3g   0.0 100.0 20,21,22,23,24,25,26,27,29,30,38      0.62 17.929  177.85  0.013 35.75
  112      2 15B3g   0.0 100.0 20,21,22,23,24,25,26,28,29,30,39      0.62 17.929  177.85  0.013 35.75
  112      3 15B3g   0.0 100.0 20,21,23,24,25,26,27,28,29,30,43      0.31 17.929  177.85  0.013 35.75
  112      4 15B3g   0.0 100.0 20,22,23,24,25,26,27,28,29,30,44      0.31 17.929  177.85  0.013 35.75
  121      1 16B3g   0.0 100.0 20,21,22,23,24,25,26,27,28,30,42      0.81 19.313 230.343  0.125 35.75
  122      1 17B2g   0.0 100.0 20,21,22,23,24,25,26,27,28,30,41      0.81 19.313 230.343  0.125 35.75
  134      1 17B1u   0.0 100.0 20,21,22,23,24,26,27,28,29,30,41      0.59 19.673  123.74  0.077 35.75
  134      2 17B1u   0.0 100.0 20,21,22,23,24,25,27,28,29,30,42      0.59 19.673  123.74  0.077 35.75
  135      1 18B1u   0.0 100.0 20,21,22,23,24,25,27,28,29,30,41      0.59 19.673  123.74 -0.077 35.75
  135      2 18B1u   0.0 100.0 20,21,22,23,24,26,27,28,29,30,42      0.59 19.673  123.74 -0.077 35.75
  149      1 20B2g   0.0 100.0 20,22,23,24,25,26,27,28,29,30,40      0.83 20.554  52.045   0.11 35.75
  149      2 20B2g   0.0 100.0 20,21,22,23,24,25,26,28,29,30,37      0.45 20.554  52.045   0.11 35.75
  150      1 17B3g   0.0 100.0 20,21,23,24,25,26,27,28,29,30,40      0.83 20.554  52.045   0.11 35.75
  150      2 17B3g   0.0 100.0 20,21,22,23,24,25,26,27,29,30,37      0.45 20.554  52.045   0.11 35.75
  152      1 21B2g   0.0 100.0 20,21,22,23,24,25,26,28,29,30,45      0.85 21.178 110.926  0.386 35.75
  153      1 18B3g   0.0 100.0 20,21,22,23,24,25,26,27,29,30,45      0.85 21.178 110.926  0.386 35.75
  177      1 23B3g   0.0 100.0 20,21,23,24,25,26,27,28,29,30,43      0.62 21.698   70.31  0.116 35.75
  177      2 23B3g   0.0 100.0 20,22,23,24,25,26,27,28,29,30,44      0.62 21.698   70.31  0.116 35.75
  177      3 23B3g   0.0 100.0 20,21,22,23,24,25,26,27,29,30,38      0.32 21.698   70.31  0.116 35.75
  177      4 23B3g   0.0 100.0 20,21,22,23,24,25,26,28,29,30,39      0.32 21.698   70.31  0.116 35.75
  178      1 25B2g   0.0 100.0 20,21,23,24,25,26,27,28,29,30,44      0.62 21.698   70.31 -0.116 35.75
  178      2 25B2g   0.0 100.0 20,22,23,24,25,26,27,28,29,30,43      0.62 21.698   70.31 -0.116 35.75
  178      3 25B2g   0.0 100.0 20,21,22,23,24,25,26,27,29,30,39      0.32 21.698   70.31 -0.116 35.75
  178      4 25B2g   0.0 100.0 20,21,22,23,24,25,26,28,29,30,38      0.32 21.698   70.31 -0.116 35.75
  187      1 25B3g   0.0 100.0 21,22,23,24,25,26,27,28,29,30,47      0.89 22.803  68.648  0.379 35.75
  188      1 26B2g   0.0 100.0 21,22,23,24,25,26,27,28,29,30,46      0.89 22.803  68.648 -0.379 35.75

States multiplicity: 
- 0 Singlet states:  []
- 0 Doublet states:  []
- 0 Triplet states:  []
- 0 Quartet states:  []
- 0 Quintet states:  []
 
--------------------------------
 IMPROVED ACTIVE SPACE BY SOC AND L
--------------------------------
Initial active space (HOMO = 30 ): [ 11 , 11 ] ; [20, 21, 22, 23, 24, 25, 26, 27, 28, 29, 30]
Final active space (HOMO = 30 ): [ 13 , 28 ] ; [19, 20, 21, 22, 23, 24, 25, 26, 27, 28, 29, 30, 32, 33, 34, 35, 36, 37, 38, 39, 40, 41, 42, 43, 44, 45, 46, 47]
 
--------------------------------
 SUM-OVER-STATE ANALYSIS
--------------------------------
 state     gxx    gyy  gzz
     1   0.000  0.000  0.0
     2   0.000  0.000  0.0
     3 -14.898 -0.012  0.0
     4  -0.012 14.898 -0.0
     5  -0.000 -0.000 -0.0
     6  -0.000  0.000  0.0
     7  -0.000 -0.000  0.0
     8   0.000 -0.000 -0.0
     9  -0.000 -0.000 -0.0
    10   0.000  0.000  0.0
    11   0.000 -0.000 -0.0
    12  -0.000  0.000 -0.0
    13   0.000 -0.000  0.0
    14   0.000 -0.000  0.0
    15   0.000  0.000  0.0
    16   0.000 -0.000 -0.0
    17  -0.000 -0.000  0.0
    18  -0.000  0.000 -0.0
    19  -0.000  0.000 -0.0
    20   0.880  0.008  0.0
    21   0.008 -0.880 -0.0
    22   0.000  0.102  0.0
    23   0.102 -0.000  0.0
    24  -0.000 -0.000  0.0
    25  -0.000 -0.000  0.0
    26  -0.000  0.000 -0.0
    27  -0.000 -0.000  0.0
    28  -0.421 -0.003 -0.0
    29  -0.003  0.421  0.0
    30   0.000  0.000 -0.0
    31   0.000 -0.000 -0.0
    32  -0.000 -0.000 -0.0
    33   0.000 -0.000 -0.0
    34   0.000  0.000  0.0
    35   0.000 -0.000 -0.0
    36  -0.000 -0.000 -0.0
    37  -0.000 -0.000  0.0
    38  -0.000  0.000  0.0
    39   0.000  0.000 -0.0
    40  -0.000  0.000 -0.0
    41  -0.000 -0.000  0.0
    42  -0.000  0.000 -0.0
    43   0.995 -0.001  0.0
    44   0.001  0.995  0.0
    45   0.000 -0.000  0.0
    46   0.000  0.000  0.0
    47  -0.000  0.000  0.0
    48   0.000 -0.000 -0.0
    49  -0.168  0.005  0.0
    50  -0.005 -0.168  0.0
    51  -0.000  0.000 -0.0
    52  -0.000  0.000 -0.0
    53   0.000  0.000 -0.0
    54   0.000 -0.000  0.0
    55   0.000  0.000  0.0
    56   0.000  0.000  0.0
    57   0.000  0.000 -0.0
    58  -0.000 -0.000 -0.0
    59   0.000 -0.000 -0.0
    60   0.000 -0.000 -0.0
    61  -0.000 -0.000 -0.0
    62   0.000  0.000 -0.0
    63  -1.420 -0.014  0.0
    64  -0.014  1.420 -0.0
    65   0.000 -0.000 -0.0
    66  -0.000 -0.000 -0.0
    67  -0.000 -0.000 -0.0
    68  -0.000  0.000  0.0
    69   0.000  0.000 -0.0
    70  -0.000  0.000 -0.0
    71   0.000  0.000 -0.0
    72   0.000  0.000  0.0
    73  -0.000  0.000  0.0
    74  -0.000  0.000 -0.0
    75  -0.000  0.000  0.0
    76  -0.000  0.000  0.0
    77   0.000  0.000 -0.0
    78  -0.519  0.065 -0.0
    79  -0.065 -0.519 -0.0
    80  -0.000  0.000 -0.0
    81  -0.000  0.000 -0.0
    82   0.000  0.000  0.0
    83  -0.000 -0.000 -0.0
    84  -0.000 -0.000  0.0
    85   0.029 -0.000 -0.0
    86   0.000  0.029 -0.0
    87  -0.000  0.000  0.0
    88  -0.000 -0.000  0.0
    89   0.000  0.000 -0.0
    90   0.000 -0.000 -0.0
    91   1.212  0.014 -0.0
    92  -0.014  1.212 -0.0
    93  -0.000 -0.000 -0.0
    94  -0.000 -0.000  0.0
    95   0.000 -0.000  0.0
    96   0.000 -0.000 -0.0
    97  -0.000 -0.000 -0.0
    98   0.000  0.000  0.0
    99  -0.000  0.000  0.0
   100  -0.000 -0.000 -0.0
   101   0.000  0.000 -0.0
   102   0.000 -0.000  0.0
   103  -0.000 -0.000 -0.0
   104   0.000 -0.000  0.0
   105   0.000 -0.000 -0.0
   106   0.000  0.000 -0.0
   107   0.000  0.000  0.0
   108  -0.000 -0.000  0.0
   109  -0.000  0.000  0.0
   110  -0.000 -0.000 -0.0
   111   0.064 -0.002  0.0
   112  -0.002 -0.064 -0.0
   113  -0.000  0.000  0.0
   114  -0.000 -0.000 -0.0
   115   0.000 -0.000  0.0
   116   0.000  0.000 -0.0
   117   0.000  0.000  0.0
   118  -0.000 -0.000  0.0
   119   0.000  0.000 -0.0
   120  -0.000  0.000 -0.0
   121  -0.031 -0.740 -0.0
   122  -0.740  0.031 -0.0
   123   0.000  0.000 -0.0
   124   0.000 -0.000  0.0
   125  -0.000  0.000  0.0
   126   0.000  0.000  0.0
   127   0.000 -0.000 -0.0
   128  -0.000  0.000  0.0
   129  -0.000 -0.000  0.0
   130   0.000 -0.000 -0.0
   131   0.000  0.000  0.0
   132  -0.000 -0.000  0.0
   133  -0.000  0.000 -0.0
   134   0.014 -0.240  0.0
   135   0.240  0.014 -0.0
   136   0.000 -0.000 -0.0
   137  -0.000 -0.000  0.0
   138   0.000  0.000  0.0
   139   0.000  0.000  0.0
   140  -0.000  0.000  0.0
   141  -0.000  0.000  0.0
   142   0.000  0.000  0.0
   143   0.000  0.000 -0.0
   144   0.000  0.000 -0.0
   145  -0.000  0.000 -0.0
   146   0.000  0.000 -0.0
   147   0.000 -0.000  0.0
   148   0.000 -0.000  0.0
   149  -0.139  0.000  0.0
   150  -0.000 -0.139  0.0
   151  -0.000 -0.000 -0.0
   152  -1.002  0.004  0.0
   153  -0.004 -1.002  0.0
   154   0.000 -0.000  0.0
   155   0.000 -0.000 -0.0
   156  -0.000  0.000  0.0
   157  -0.000  0.000 -0.0
   158  -0.000 -0.000  0.0
   159   0.000  0.000  0.0
   160  -0.000  0.000  0.0
   161  -0.000 -0.000  0.0
   162   0.000 -0.000 -0.0
   163   0.000  0.000 -0.0
   164  -0.000  0.000 -0.0
   165  -0.000  0.000 -0.0
   166  -0.000 -0.000  0.0
   167  -0.000 -0.000  0.0
   168  -0.000  0.000 -0.0
   169  -0.000 -0.000  0.0
   170   0.000 -0.000  0.0
   171   0.000  0.000  0.0
   172   0.000 -0.000  0.0
   173  -0.000 -0.000 -0.0
   174  -0.000 -0.000 -0.0
   175   0.000 -0.000 -0.0
   176   0.000  0.000 -0.0
   177  -0.004 -0.187 -0.0
   178   0.187 -0.004  0.0
   179  -0.000  0.000 -0.0
   180  -0.000 -0.000  0.0
   181  -0.000 -0.000 -0.0
   182   0.000  0.000 -0.0
   183   0.000 -0.000 -0.0
   184  -0.000 -0.000  0.0
   185   0.000 -0.000  0.0
   186  -0.000 -0.000  0.0
   187  -0.001 -0.566 -0.0
   188   0.566 -0.001  0.0
   189  -0.000  0.000  0.0
   190  -0.000 -0.000 -0.0
   191   0.000 -0.000 -0.0
   192   0.000  0.000 -0.0
   193  -0.000  0.000  0.0
   194  -0.000 -0.000  0.0
   195  -0.000  0.000  0.0
   196   0.006 -0.140 -0.0
   197  -0.140 -0.006 -0.0
   198  -0.000  0.000 -0.0
   199  -0.000 -0.000 -0.0
   200   0.000 -0.000 -0.0

