--------------------------------------
     INPUT SECTION
--------------------------------------
File selected:  mno_5_5.out
Number of states selected:  200
Selected states selected:  [1, 2, 3, 4, 5, 6, 7, 8, 9, 10, 11, 12, 13, 14, 15, 16, 17, 18, 19, 20, 21, 22, 23, 24, 25, 26, 27, 28, 29, 30, 31, 32, 33, 34, 35, 36, 37, 38, 39, 40, 41, 42, 43, 44, 45, 46, 47, 48, 49, 50, 51, 52, 53, 54, 55, 56, 57, 58, 59, 60, 61, 62, 63, 64, 65, 66, 67, 68, 69, 70, 71, 72, 73, 74, 75, 76, 77, 78, 79, 80, 81, 82, 83, 84, 85, 86, 87, 88, 89, 90, 91, 92, 93, 94, 95, 96, 97, 98, 99, 100, 101, 102, 103, 104, 105, 106, 107, 108, 109, 110, 111, 112, 113, 114, 115, 116, 117, 118, 119, 120, 121, 122, 123, 124, 125, 126, 127, 128, 129, 130, 131, 132, 133, 134, 135, 136, 137, 138, 139, 140, 141, 142, 143, 144, 145, 146, 147, 148, 149, 150, 151, 152, 153, 154, 155, 156, 157, 158, 159, 160, 161, 162, 163, 164, 165, 166, 167, 168, 169, 170, 171, 172, 173, 174, 175, 176, 177, 178, 179, 180, 181, 182, 183, 184, 185, 186, 187, 188, 189, 190, 191, 192, 193, 194, 195, 196, 197, 198, 199, 200]
 
------------------------
 RAS-CI RESULTS
------------------------
g-factor (x y z dimensions):
-0.536 -0.536 -0.003

------------------------
 EXCITED STATES ANALYSIS
------------------------
Configurations cut-off: 0.5
state config  sym  hole  part    unpairedorb amplitude      e    socc     lk   s2
    1      1  1A1   0.0   0.0 15,16,17,18,19       1.0    0.0     0.0    0.0 8.75
    3      1  1B1  0.12 99.88 15,16,17,19,20      0.91  5.076 259.095  0.431 8.75
    4      1  1B2  0.12 99.88 15,16,17,18,20      0.91  5.076 259.094 -0.431 8.75
    8      1  2B1 92.62  7.38 13,15,16,18,19      0.96  7.875  38.785  0.561 8.75
    9      1  2B2 92.62  7.38 14,15,16,18,19      0.96  7.875  38.785 -0.561 8.75
   10      1  3B1 19.54 80.46 15,16,18,19,21      0.87  8.607   75.57 -0.347 8.75
   11      1  3B2 19.54 80.46 15,16,18,19,22      0.87  8.607  75.569 -0.347 8.75
   12      1  4B1  87.8  12.2 12,15,16,17,19      0.93  8.842  99.889 -0.899 8.75
   13      1  4B2  87.8  12.2 12,15,16,17,18      0.93  8.842  99.888 -0.899 8.75
   23      1  6B2 98.48  1.52 13,15,17,18,19       0.7 10.202  51.395 -0.455 8.75
   23      2  6B2 98.48  1.52 14,16,17,18,19       0.7 10.202  51.395 -0.455 8.75
   24      1  6B1 98.48  1.52 13,16,17,18,19       0.7 10.202  51.395 -0.455 8.75
   24      2  6B1 98.48  1.52 14,15,17,18,19       0.7 10.202  51.395 -0.455 8.75
   30      1  8B2  1.31 98.69 16,17,18,19,22      0.68 11.496 119.723  0.197 8.75
   30      2  8B2  1.31 98.69 15,17,18,19,21      0.68 11.496 119.723  0.197 8.75
   31      1  8B1  1.31 98.69 15,17,18,19,22      0.68 11.496 119.723  0.197 8.75
   31      2  8B1  1.31 98.69 16,17,18,19,21      0.68 11.496 119.723  0.197 8.75
   34      1  9B2  0.01 99.99 15,16,17,18,23      0.84 12.904 143.113   0.18 8.75
   34      2  9B2  0.01 99.99 15,16,17,18,24      0.43 12.904 143.113   0.18 8.75
   35      1  9B1  0.01 99.99 15,16,17,19,23      0.84 12.904 143.113  -0.18 8.75
   35      2  9B1  0.01 99.99 15,16,17,19,24      0.43 12.904 143.113  -0.18 8.75
   38      1 10B2  0.02 99.98 15,16,17,18,24      0.72 14.299 133.452 -0.051 8.75
   38      2 10B2  0.02 99.98 15,16,17,18,23      0.47 14.299 133.452 -0.051 8.75
   38      3 10B2  0.02 99.98 15,16,17,18,20      0.41 14.299 133.452 -0.051 8.75
   39      1 10B1  0.02 99.98 15,16,17,19,24      0.72 14.299 133.451  0.051 8.75
   39      2 10B1  0.02 99.98 15,16,17,19,23      0.47 14.299 133.451  0.051 8.75
   39      3 10B1  0.02 99.98 15,16,17,19,20      0.41 14.299 133.451  0.051 8.75
   42      1 11B2  0.05 99.95 15,16,18,19,28      0.97 14.709  56.314  0.138 8.75
   43      1 11B1  0.05 99.95 15,16,18,19,27      0.97 14.709  56.314 -0.138 8.75
   46      1 13B1  0.02 99.98 15,16,17,19,25      0.69 15.334  95.163 -0.067 8.75
   46      2 13B1  0.02 99.98 15,16,17,18,26      0.69 15.334  95.163 -0.067 8.75
   47      1 13B2  0.02 99.98 15,16,17,19,26      0.69 15.334  95.162  0.067 8.75
   47      2 13B2  0.02 99.98 15,16,17,18,25      0.69 15.334  95.162  0.067 8.75
   61      1 15B2  0.01 99.99 15,17,18,19,27      0.68 18.237  53.581 -0.106 8.75
   61      2 15B2  0.01 99.99 16,17,18,19,28      0.68 18.237  53.581 -0.106 8.75
   62      1 15B1  0.01 99.99 16,17,18,19,27      0.68 18.237  53.581  0.106 8.75
   62      2 15B1  0.01 99.99 15,17,18,19,28      0.68 18.237  53.581  0.106 8.75
   63      1 16B2   0.0 100.0 15,16,17,18,29       0.9 19.126  36.824  0.289 8.75
   64      1 16B1   0.0 100.0 15,16,17,19,29       0.9 19.126  36.824 -0.289 8.75
   69      1 17B1  0.05 99.95 15,16,18,19,31      0.84 28.211 189.252 -0.091 8.75
   69      2 17B1  0.05 99.95 15,16,18,19,36      0.52 28.211 189.252 -0.091 8.75
   70      1 17B2  0.05 99.95 15,16,18,19,32      0.84 28.211 189.252  0.091 8.75
   70      2 17B2  0.05 99.95 15,16,18,19,37      0.52 28.211 189.252  0.091 8.75
   73      1 18B2  0.09 99.91 15,16,17,18,30      0.85 28.691 115.951  0.079 8.75
   74      1 18B1  0.09 99.91 15,16,17,19,30      0.85 28.691 115.951 -0.079 8.75
   75      1 19B1  99.1   0.9 11,15,16,17,19      0.99 29.762   37.72 -0.035 8.75
   76      1 19B2  99.1   0.9 11,15,16,17,18      0.99 29.762  37.721 -0.035 8.75
   85      1 21B1  0.02 99.98 15,16,18,19,36      0.83 30.262 166.909  0.043 8.75
   85      2 21B1  0.02 99.98 15,16,18,19,31      0.53 30.262 166.909  0.043 8.75
   86      1 21B2  0.02 99.98 15,16,18,19,37      0.83 30.262 166.909  0.043 8.75
   86      2 21B2  0.02 99.98 15,16,18,19,32      0.53 30.262 166.909  0.043 8.75
   97      1 24B2  0.01 99.99 15,17,18,19,31      0.48 31.567 153.341  0.113 8.75
   97      2 24B2  0.01 99.99 16,17,18,19,32      0.48 31.567 153.341  0.113 8.75
   97      3 24B2  0.01 99.99 15,17,18,19,36      0.43 31.567 153.341  0.113 8.75
   97      4 24B2  0.01 99.99 16,17,18,19,37      0.43 31.567 153.341  0.113 8.75
   97      5 24B2  0.01 99.99 15,16,17,18,35      0.33 31.567 153.341  0.113 8.75
   98      1 24B1  0.01 99.99 16,17,18,19,31      0.48 31.567 153.341 -0.113 8.75
   98      2 24B1  0.01 99.99 15,17,18,19,32      0.48 31.567 153.341 -0.113 8.75
   98      3 24B1  0.01 99.99 16,17,18,19,36      0.43 31.567 153.341 -0.113 8.75
   98      4 24B1  0.01 99.99 15,17,18,19,37      0.43 31.567 153.341 -0.113 8.75
   98      5 24B1  0.01 99.99 15,16,17,19,35      0.33 31.567 153.341 -0.113 8.75
   99      1 25B2  0.02 99.98 15,16,17,18,35       0.8 31.705  14.641  0.216 8.75
  100      1 25B1  0.02 99.98 15,16,17,19,35       0.8 31.705  14.642 -0.216 8.75
  109      1 27B2   0.0 100.0 15,17,18,19,36      0.52 33.735 107.911 -0.005 8.75
  109      2 27B2   0.0 100.0 16,17,18,19,37      0.52 33.735 107.911 -0.005 8.75
  109      3 27B2   0.0 100.0 15,17,18,19,31      0.47 33.735 107.911 -0.005 8.75
  109      4 27B2   0.0 100.0 16,17,18,19,32      0.47 33.735 107.911 -0.005 8.75
  110      1 27B1   0.0 100.0 16,17,18,19,36      0.52 33.735 107.911  0.005 8.75
  110      2 27B1   0.0 100.0 15,17,18,19,37      0.52 33.735 107.911  0.005 8.75
  110      3 27B1   0.0 100.0 16,17,18,19,31      0.47 33.735 107.911  0.005 8.75
  110      4 27B1   0.0 100.0 15,17,18,19,32      0.47 33.735 107.911  0.005 8.75
  113      1 28B2   0.0 100.0 15,16,17,18,38      0.96 38.812   8.782 -0.196 8.75
  114      1 28B1   0.0 100.0 15,16,17,19,38      0.96 38.812   8.782  0.196 8.75
  117      1 29B1   0.0 100.0 15,16,18,19,39      0.97  45.25 198.667 -0.146 8.75
  118      1 29B2   0.0 100.0 15,16,18,19,40      0.97  45.25 198.667 -0.146 8.75
  125      1 31B2   0.0 100.0 15,17,18,19,39      0.68 47.625   12.46  0.252 8.75
  125      2 31B2   0.0 100.0 16,17,18,19,40      0.68 47.625   12.46  0.252 8.75
  126      1 31B1   0.0 100.0 16,17,18,19,39      0.68 47.625   12.46 -0.252 8.75
  126      2 31B1   0.0 100.0 15,17,18,19,40      0.68 47.625   12.46 -0.252 8.75
  128      1 32B2   0.0 100.0 15,16,17,18,41      0.98 50.451 389.185 -0.053 8.75
  129      1 32B1   0.0 100.0 15,16,17,19,41      0.98 50.451 389.185  0.053 8.75
  136      1 34B2   0.0 100.0 15,16,17,19,42      0.71 58.544  14.719  0.713 8.75
  136      2 34B2   0.0 100.0 15,16,17,18,43      0.71 58.544  14.719  0.713 8.75
  137      1 34B1   0.0 100.0 15,16,17,19,43      0.71 58.544  14.719 -0.713 8.75
  137      2 34B1   0.0 100.0 15,16,17,18,42      0.71 58.544  14.719 -0.713 8.75
  138      1 35B1   0.0 100.0 15,16,18,19,44      0.97 59.894  25.604  0.479 8.75
  139      1 35B2   0.0 100.0 15,16,18,19,45      0.97 59.894  25.604  0.479 8.75
  145      1 36B2   0.0 100.0 15,16,17,18,46      0.97 60.962  88.353 -0.226 8.75
  146      1 36B1   0.0 100.0 15,16,17,19,46      0.97 60.962  88.353  0.226 8.75
  155      1 38B2   0.0 100.0 15,17,18,19,44      0.69 63.215  37.503  0.179 8.75
  155      2 38B2   0.0 100.0 16,17,18,19,45      0.69 63.215  37.503  0.179 8.75
  156      1 38B1   0.0 100.0 16,17,18,19,44      0.69 63.215  37.503 -0.179 8.75
  156      2 38B1   0.0 100.0 15,17,18,19,45      0.69 63.215  37.503 -0.179 8.75
  158      1 39B2   0.0 100.0 15,16,17,18,47      0.91 80.405   83.17 -0.318 8.75
  159      1 39B1   0.0 100.0 15,16,17,19,47      0.91 80.405   83.17  0.318 8.75
  163      1 40B2   0.0 100.0 15,16,17,18,50       0.9 89.151   382.4 -0.084 8.75
  164      1 40B1   0.0 100.0 15,16,17,19,50       0.9 89.151   382.4  0.084 8.75
  167      1 41B1   0.0 100.0 15,16,18,19,48      0.97 90.986 142.982 -0.155 8.75
  168      1 41B2   0.0 100.0 15,16,18,19,49      0.97 90.986 142.982 -0.155 8.75
  172      1 42B1   0.0 100.0 15,16,18,19,52      0.94 92.729 634.647  0.025 8.75
  173      1 42B2   0.0 100.0 15,16,18,19,53      0.94 92.729 634.647  0.025 8.75
  184      1 44B2   0.0 100.0 15,16,17,19,54      0.69 93.834 461.248 -0.009 8.75
  184      2 44B2   0.0 100.0 15,16,17,18,55      0.69 93.834 461.248 -0.009 8.75
  185      1 44B1   0.0 100.0 15,16,17,19,55      0.69 93.834 461.248 -0.009 8.75
  185      2 44B1   0.0 100.0 15,16,17,18,54      0.69 93.834 461.248 -0.009 8.75
  189      1 46B2   0.0 100.0 16,17,18,19,49      0.64 94.475  61.706 -0.022 8.75
  189      2 46B2   0.0 100.0 15,17,18,19,48      0.64 94.475  61.706 -0.022 8.75
  190      1 46B1   0.0 100.0 15,17,18,19,49      0.64 94.475  61.706 -0.022 8.75
  190      2 46B1   0.0 100.0 16,17,18,19,48      0.64 94.475  61.706 -0.022 8.75
  194      1 48B2   0.0 100.0 16,17,18,19,53      0.63 95.035  267.26  0.016 8.75
  194      2 48B2   0.0 100.0 15,17,18,19,52      0.63 95.035  267.26  0.016 8.75
  195      1 48B1   0.0 100.0 15,17,18,19,53      0.63 95.035 267.261  0.016 8.75
  195      2 48B1   0.0 100.0 16,17,18,19,52      0.63 95.035 267.261  0.016 8.75

States multiplicity: 
- 0 Singlet states:  []
- 0 Doublet states:  []
- 0 Triplet states:  []
- 0 Quartet states:  []
- 0 Quintet states:  []
 
------------------------
 IMPROVED ACTIVE SPACE 
------------------------
Initial active space (HOMO = 19 ): [ 5 , 5 ] ; [15, 16, 17, 18, 19]
Final active space (HOMO = 19 ): [ 13 , 42 ] ; [11, 12, 13, 14, 15, 16, 17, 18, 19, 20, 21, 22, 23, 24, 25, 26, 27, 28, 29, 30, 31, 32, 35, 36, 37, 38, 39, 40, 41, 42, 43, 44, 45, 46, 47, 48, 49, 50, 52, 53, 54, 55]
 
--------------------------------
 SUM-OVER-STATE ANALYSIS
--------------------------------
 state     gxx    gyy  gzz
     1   0.000  0.000  0.0
     2   0.000  0.000 -0.0
     3 -10.918  0.160  0.0
     4   0.160 10.918  0.0
     5   0.000 -0.000  0.0
     6  -0.000 -0.000  0.0
     7   0.000  0.000  0.0
     8  -1.371  0.027  0.0
     9   0.027  1.371  0.0
    10   1.512 -0.023  0.0
    11   0.023  1.512 -0.0
    12   5.037 -0.084  0.0
    13   0.084  5.037 -0.0
    14  -0.000  0.000  0.0
    15  -0.000 -0.000  0.0
    16  -0.000 -0.000  0.0
    17   0.000 -0.000  0.0
    18  -0.000  0.000 -0.0
    19  -0.000 -0.000 -0.0
    20   0.000 -0.000  0.0
    21  -0.000  0.000 -0.0
    22  -0.000 -0.000 -0.0
    23   0.016  1.137 -0.0
    24   1.137 -0.016  0.0
    25  -0.000  0.000 -0.0
    26   0.000  0.000 -0.0
    27   0.000  0.000 -0.0
    28   0.000  0.000 -0.0
    29   0.000 -0.000 -0.0
    30  -0.015 -1.017  0.0
    31  -1.017  0.015 -0.0
    32  -0.000 -0.000  0.0
    33   0.000  0.000  0.0
    34  -0.015 -0.992 -0.0
    35   0.992 -0.015 -0.0
    36  -0.000 -0.000 -0.0
    37   0.000 -0.000  0.0
    38   0.003  0.237 -0.0
    39  -0.237  0.003 -0.0
    40  -0.000  0.000 -0.0
    41   0.000  0.000 -0.0
    42  -0.007 -0.261  0.0
    43   0.261 -0.007  0.0
    44  -0.000  0.000  0.0
    45   0.000  0.000 -0.0
    46   0.207 -0.002 -0.0
    47  -0.002 -0.207 -0.0
    48   0.000 -0.000  0.0
    49  -0.000 -0.000  0.0
    50  -0.000  0.000  0.0
    51   0.000  0.000  0.0
    52   0.000 -0.000 -0.0
    53   0.000  0.000  0.0
    54  -0.000 -0.000  0.0
    55   0.000 -0.000 -0.0
    56   0.000 -0.000 -0.0
    57  -0.000 -0.000  0.0
    58   0.000  0.000 -0.0
    59   0.000 -0.000  0.0
    60  -0.000 -0.000 -0.0
    61   0.002  0.154 -0.0
    62  -0.154  0.002 -0.0
    63  -0.004 -0.276 -0.0
    64   0.276 -0.004 -0.0
    65  -0.000  0.000 -0.0
    66   0.000  0.000 -0.0
    67  -0.000 -0.000  0.0
    68   0.000  0.000  0.0
    69   0.303 -0.004 -0.0
    70  -0.004 -0.303 -0.0
    71   0.000  0.000 -0.0
    72   0.000 -0.000 -0.0
    73  -0.002 -0.159  0.0
    74   0.159 -0.002  0.0
    75   0.022 -0.000  0.0
    76   0.000  0.022 -0.0
    77  -0.000 -0.000  0.0
    78  -0.000  0.000  0.0
    79  -0.000 -0.000  0.0
    80  -0.000 -0.000 -0.0
    81  -0.000  0.000 -0.0
    82   0.000 -0.000  0.0
    83   0.000  0.000  0.0
    84   0.000 -0.000 -0.0
    85  -0.117  0.002 -0.0
    86  -0.002 -0.117  0.0
    87  -0.001  0.000 -0.0
    88  -0.000 -0.001  0.0
    89   0.000 -0.000 -0.0
    90  -0.000 -0.000 -0.0
    91  -0.000 -0.000  0.0
    92  -0.000  0.000 -0.0
    93  -0.000 -0.000  0.0
    94  -0.000  0.000  0.0
    95  -0.000 -0.000  0.0
    96   0.000 -0.000 -0.0
    97  -0.004 -0.271 -0.0
    98   0.271 -0.004 -0.0
    99  -0.001 -0.049  0.0
   100   0.049 -0.001  0.0
   101  -0.000 -0.000 -0.0
   102   0.000  0.000  0.0
   103  -0.000  0.000 -0.0
   104   0.000 -0.000 -0.0
   105  -0.000  0.000  0.0
   106   0.000  0.000  0.0
   107  -0.000 -0.000  0.0
   108   0.000 -0.000 -0.0
   109   0.000  0.008 -0.0
   110  -0.008  0.000 -0.0
   111   0.000  0.000  0.0
   112   0.000  0.000 -0.0
   113   0.000  0.022  0.0
   114  -0.022  0.000  0.0
   115   0.000 -0.000  0.0
   116  -0.000 -0.000  0.0
   117   0.317 -0.005 -0.0
   118   0.005  0.317  0.0
   119   0.000 -0.000  0.0
   120  -0.000 -0.000 -0.0
   121   0.000  0.000  0.0
   122   0.000 -0.000  0.0
   123   0.000 -0.000 -0.0
   124   0.000  0.000  0.0
   125  -0.001 -0.033  0.0
   126   0.033 -0.001  0.0
   127   0.000  0.000  0.0
   128   0.003  0.205  0.0
   129  -0.205  0.003  0.0
   130   0.000 -0.000 -0.0
   131  -0.000 -0.000 -0.0
   132   0.000  0.000  0.0
   133  -0.000  0.000  0.0
   134  -0.000  0.000 -0.0
   135   0.000  0.000  0.0
   136  -0.001 -0.089 -0.0
   137   0.089 -0.001 -0.0
   138  -0.102  0.002 -0.0
   139  -0.002 -0.102  0.0
   140   0.000  0.000 -0.0
   141   0.000  0.000 -0.0
   142  -0.000  0.000 -0.0
   143   0.000 -0.000 -0.0
   144  -0.000 -0.000 -0.0
   145   0.002  0.162 -0.0
   146  -0.162  0.002 -0.0
   147  -0.000  0.000  0.0
   148   0.000  0.000 -0.0
   149   0.000 -0.000  0.0
   150  -0.000 -0.000  0.0
   151   0.000 -0.000  0.0
   152  -0.000 -0.000  0.0
   153   0.000 -0.000  0.0
   154  -0.000 -0.000 -0.0
   155  -0.001 -0.053  0.0
   156   0.053 -0.001  0.0
   157   0.000  0.000 -0.0
   158   0.002  0.163  0.0
   159  -0.163  0.002  0.0
   160   0.000 -0.000  0.0
   161  -0.000 -0.000 -0.0
   162   0.000  0.000 -0.0
   163   0.003  0.180  0.0
   164  -0.180  0.003  0.0
   165  -0.000  0.000  0.0
   166   0.000  0.000 -0.0
   167   0.121 -0.001  0.0
   168   0.001  0.121 -0.0
   169  -0.000 -0.000  0.0
   170   0.000 -0.000 -0.0
   171  -0.000  0.000 -0.0
   172  -0.085  0.001 -0.0
   173  -0.001 -0.085  0.0
   174   0.000  0.000 -0.0
   175  -0.000 -0.000 -0.0
   176  -0.000  0.000  0.0
   177  -0.000  0.000 -0.0
   178  -0.000 -0.000 -0.0
   179  -0.000  0.000  0.0
   180   0.000  0.000  0.0
   181  -0.000  0.000  0.0
   182  -0.000 -0.000 -0.0
   183  -0.000  0.000 -0.0
   184   0.000  0.022  0.0
   185   0.022 -0.000 -0.0
   186   0.000  0.000 -0.0
   187  -0.000 -0.000  0.0
   188  -0.000  0.000  0.0
   189   0.000  0.007 -0.0
   190   0.007 -0.000  0.0
   191  -0.000  0.000 -0.0
   192   0.000  0.000 -0.0
   193   0.000 -0.000 -0.0
   194  -0.000 -0.022 -0.0
   195  -0.022  0.000  0.0
   196   0.000  0.000  0.0
   197   0.000 -0.000  0.0
   198   0.000  0.000 -0.0
   199  -0.000  0.000  0.0
   200   0.000  0.000  0.0

