--------------------------------------
     INPUT SECTION
--------------------------------------
File selected:  mns_5_5.out
Number of states selected:  200
Selected states selected:  [1, 2, 3, 4, 5, 6, 7, 8, 9, 10, 11, 12, 13, 14, 15, 16, 17, 18, 19, 20, 21, 22, 23, 24, 25, 26, 27, 28, 29, 30, 31, 32, 33, 34, 35, 36, 37, 38, 39, 40, 41, 42, 43, 44, 45, 46, 47, 48, 49, 50, 51, 52, 53, 54, 55, 56, 57, 58, 59, 60, 61, 62, 63, 64, 65, 66, 67, 68, 69, 70, 71, 72, 73, 74, 75, 76, 77, 78, 79, 80, 81, 82, 83, 84, 85, 86, 87, 88, 89, 90, 91, 92, 93, 94, 95, 96, 97, 98, 99, 100, 101, 102, 103, 104, 105, 106, 107, 108, 109, 110, 111, 112, 113, 114, 115, 116, 117, 118, 119, 120, 121, 122, 123, 124, 125, 126, 127, 128, 129, 130, 131, 132, 133, 134, 135, 136, 137, 138, 139, 140, 141, 142, 143, 144, 145, 146, 147, 148, 149, 150, 151, 152, 153, 154, 155, 156, 157, 158, 159, 160, 161, 162, 163, 164, 165, 166, 167, 168, 169, 170, 171, 172, 173, 174, 175, 176, 177, 178, 179, 180, 181, 182, 183, 184, 185, 186, 187, 188, 189, 190, 191, 192, 193, 194, 195, 196, 197, 198, 199, 200]
 
------------------------
 RAS-CI RESULTS
------------------------
g-factor (x y z dimensions):
0.626 0.626 -0.001

------------------------
 EXCITED STATES ANALYSIS
------------------------
Configurations cut-off: 0.5
state config  sym  hole  part    unpairedorb amplitude      e    socc     lk   s2
    1      1  1A1   0.0   0.0 19,20,21,22,23       1.0    0.0     0.0    0.0 8.75
    3      1  1B1  0.44 99.56 19,20,21,23,24      0.92  7.131 112.572 -0.065 8.75
    4      1  2B1  0.44 99.56 19,20,21,22,24      0.92  7.131 112.572 -0.065 8.75
    8      1  3B1 99.48  0.52 17,19,20,22,23      0.95  8.495  27.693  0.313 8.75
    9      1  1B2 99.48  0.52 18,19,20,22,23      0.95  8.495  27.693 -0.313 8.75
   10      1  2B2 99.75  0.25 16,19,20,21,23      0.94  8.684 115.189  0.767 8.75
   11      1  3B2 99.75  0.25 16,19,20,21,22      0.94  8.684 115.189 -0.767 8.75
   19      1  4B2 99.53  0.47 17,19,21,22,23       0.7  9.569  35.781 -0.378 8.75
   19      2  4B2 99.53  0.47 18,20,21,22,23       0.7  9.569  35.781 -0.378 8.75
   20      1  6B1 99.53  0.47 17,20,21,22,23       0.7  9.569  35.781  0.378 8.75
   20      2  6B1 99.53  0.47 18,19,21,22,23       0.7  9.569  35.781  0.378 8.75
   22      1  7B1  0.46 99.54 19,20,22,23,25      0.96 11.256   32.12 -0.156 8.75
   23      1  5B2  0.46 99.54 19,20,22,23,26      0.96 11.256   32.12  0.156 8.75
   30      1  7B2  0.26 99.74 20,21,22,23,26      0.68 12.265  81.773 -0.319 8.75
   30      2  7B2  0.26 99.74 19,21,22,23,25      0.68 12.265  81.773 -0.319 8.75
   31      1  9B1  0.26 99.74 19,21,22,23,26      0.68 12.265  81.773  0.319 8.75
   31      2  9B1  0.26 99.74 20,21,22,23,25      0.68 12.265  81.773  0.319 8.75
   32      1  8B2   0.0 100.0 19,20,21,22,27      0.69 14.699 144.305 -0.144 8.75
   32      2  8B2   0.0 100.0 19,20,21,22,28      0.66 14.699 144.305 -0.144 8.75
   33      1 10B1   0.0 100.0 19,20,21,23,27      0.69 14.699 144.305 -0.144 8.75
   33      2 10B1   0.0 100.0 19,20,21,23,28      0.66 14.699 144.305 -0.144 8.75
   36      1  9B2  0.02 99.98 19,20,21,22,27      0.65 15.335  61.428 -0.025 8.75
   36      2  9B2  0.02 99.98 19,20,21,22,28      0.65 15.335  61.428 -0.025 8.75
   36      3  9B2  0.02 99.98 19,20,21,22,24      0.34 15.335  61.428 -0.025 8.75
   37      1 11B1  0.02 99.98 19,20,21,23,27      0.65 15.335  61.428 -0.025 8.75
   37      2 11B1  0.02 99.98 19,20,21,23,28      0.65 15.335  61.428 -0.025 8.75
   37      3 11B1  0.02 99.98 19,20,21,23,24      0.34 15.335  61.428 -0.025 8.75
   46      1 13B1  0.01 99.99 19,20,21,23,29      0.69   16.6  98.936  0.046 8.75
   46      2 13B1  0.01 99.99 19,20,21,22,30      0.69   16.6  98.936  0.046 8.75
   47      1 11B2  0.01 99.99 19,20,21,23,30      0.69   16.6  98.936 -0.046 8.75
   47      2 11B2  0.01 99.99 19,20,21,22,29      0.69   16.6  98.936 -0.046 8.75
   51      1 14B1  0.01 99.99 19,20,22,23,31      0.97  17.59 136.963  0.083 8.75
   52      1 12B2  0.01 99.99 19,20,22,23,32      0.97  17.59 136.963  0.083 8.75
   59      1 14B2  0.01 99.99 19,21,22,23,31      0.68 18.782  78.309  0.147 8.75
   59      2 14B2  0.01 99.99 20,21,22,23,32      0.68 18.782  78.309  0.147 8.75
   60      1 16B1  0.01 99.99 20,21,22,23,31      0.68 18.782  78.309  0.147 8.75
   60      2 16B1  0.01 99.99 19,21,22,23,32      0.68 18.782  78.309  0.147 8.75
   63      1 17B1  0.01 99.99 19,20,21,22,33      0.89 20.869  11.891  -0.26 8.75
   64      1 18B1  0.01 99.99 19,20,21,23,33      0.89 20.869  11.891  -0.26 8.75
   68      1 15B2 99.97  0.03 15,19,20,21,23      0.95 22.992   4.524  0.036 8.75
   69      1 16B2 99.97  0.03 15,19,20,21,22      0.95 22.992   4.524 -0.036 8.75
   72      1 19B1   0.0 100.0 19,20,22,23,34      0.96 24.504  83.551   0.21 8.75
   73      1 17B2   0.0 100.0 19,20,22,23,35      0.96 24.504  83.551   0.21 8.75
   78      1 20B1  0.01 99.99 19,20,21,22,36      0.87 25.324  112.75 -0.305 8.75
   79      1 21B1  0.01 99.99 19,20,21,23,36      0.87 25.324  112.75 -0.305 8.75
   83      1 19B2   0.0 100.0 19,21,22,23,34      0.68 25.874  68.389  0.027 8.75
   83      2 19B2   0.0 100.0 20,21,22,23,35      0.68 25.874  68.389  0.027 8.75
   84      1 23B1   0.0 100.0 20,21,22,23,34      0.68 25.874  68.389  0.027 8.75
   84      2 23B1   0.0 100.0 19,21,22,23,35      0.68 25.874  68.389  0.027 8.75
   88      1 24B1   0.0 100.0 19,20,21,22,39      0.94 28.146  61.229 -0.158 8.75
   89      1 25B1   0.0 100.0 19,20,21,23,39      0.94 28.146  61.229 -0.158 8.75
   94      1 28B1  0.02 99.98 19,20,21,23,38       0.7 28.721  31.539  0.413 8.75
   94      2 28B1  0.02 99.98 19,20,21,22,37       0.7 28.721  31.539  0.413 8.75
   95      1 20B2  0.02 99.98 19,20,21,23,37       0.7 28.721  31.539 -0.413 8.75
   95      2 20B2  0.02 99.98 19,20,21,22,38       0.7 28.721  31.539 -0.413 8.75
   96      1 29B1   0.0 100.0 19,20,22,23,40      0.88 28.909 179.911 -0.188 8.75
   97      1 21B2   0.0 100.0 19,20,22,23,41      0.88 28.909 179.911 -0.188 8.75
  110      1 23B2   0.0 100.0 19,21,22,23,40      0.62 30.221 146.967  -0.07 8.75
  110      2 23B2   0.0 100.0 20,21,22,23,41      0.62 30.221 146.967  -0.07 8.75
  111      1 31B1   0.0 100.0 20,21,22,23,40      0.62 30.221 146.967  -0.07 8.75
  111      2 31B1   0.0 100.0 19,21,22,23,41      0.62 30.221 146.967  -0.07 8.75
  116      1 25B2   0.0 100.0 19,20,21,23,43      0.67 31.489 216.226  0.141 8.75
  116      2 25B2   0.0 100.0 19,20,21,22,42      0.67 31.489 216.226  0.141 8.75
  117      1 26B2   0.0 100.0 19,20,21,23,42      0.67 31.489 216.226 -0.141 8.75
  117      2 26B2   0.0 100.0 19,20,21,22,43      0.67 31.489 216.226 -0.141 8.75
  122      1 33B1   0.0 100.0 19,20,21,22,44      0.92 33.999 181.057 -0.169 8.75
  123      1 34B1   0.0 100.0 19,20,21,23,44      0.92 33.999 181.057 -0.169 8.75
  125      1 27B2   0.0 100.0 19,20,22,23,45       0.9 34.868  205.37  0.343 8.75
  126      1 28B2   0.0 100.0 19,20,22,23,46       0.9 34.868  205.37  0.343 8.75
  134      1 31B2   0.0 100.0 19,21,22,23,45      0.64 36.145 109.036  0.043 8.75
  134      2 31B2   0.0 100.0 20,21,22,23,46      0.64 36.145 109.036  0.043 8.75
  135      1 35B1   0.0 100.0 20,21,22,23,45      0.64 36.145 109.036  0.043 8.75
  135      2 35B1   0.0 100.0 19,21,22,23,46      0.64 36.145 109.036  0.043 8.75
  138      1 36B1   0.0 100.0 19,20,21,22,47      0.95 40.832  79.256  -0.01 8.75
  139      1 37B1   0.0 100.0 19,20,21,23,47      0.95 40.832  79.256  -0.01 8.75
  142      1 38B1   0.0 100.0 19,20,22,23,48       0.9 47.795 160.929  0.149 8.75
  143      1 32B2   0.0 100.0 19,20,22,23,49       0.9 47.795 160.929  0.149 8.75
  150      1 35B2   0.0 100.0 20,21,22,23,49      0.63 48.879  46.625 -0.444 8.75
  150      2 35B2   0.0 100.0 19,21,22,23,48      0.63 48.879  46.625 -0.444 8.75
  150      3 35B2   0.0 100.0 19,20,22,23,49      0.35 48.879  46.625 -0.444 8.75
  151      1 39B1   0.0 100.0 19,21,22,23,49      0.63 48.879  46.625  0.444 8.75
  151      2 39B1   0.0 100.0 20,21,22,23,48      0.63 48.879  46.625  0.444 8.75
  151      3 39B1   0.0 100.0 19,20,22,23,48      0.35 48.879  46.625  0.444 8.75
  153      1 40B1   0.0 100.0 19,20,21,22,50      0.89 53.388 280.407 -0.337 8.75
  154      1 41B1   0.0 100.0 19,20,21,23,50      0.89 53.388 280.407 -0.337 8.75
  158      1 36B2   0.0 100.0 19,20,21,22,55      0.73 61.762   0.938 -0.222 8.75
  158      2 36B2   0.0 100.0 19,20,21,22,62      0.45 61.762   0.938 -0.222 8.75
  158      3 36B2   0.0 100.0 19,20,21,22,50      0.38 61.762   0.938 -0.222 8.75
  159      1 42B1   0.0 100.0 19,20,21,23,55      0.73 61.762   0.938 -0.222 8.75
  159      2 42B1   0.0 100.0 19,20,21,23,62      0.45 61.762   0.938 -0.222 8.75
  159      3 42B1   0.0 100.0 19,20,21,23,50      0.38 61.762   0.938 -0.222 8.75
  164      1 37B2   0.0 100.0 19,20,21,23,51      0.71 62.276   3.912  0.213 8.75
  164      2 37B2   0.0 100.0 19,20,21,22,52      0.71 62.276   3.912  0.213 8.75
  165      1 45B1   0.0 100.0 19,20,21,23,52      0.71 62.276   3.912 -0.213 8.75
  165      2 45B1   0.0 100.0 19,20,21,22,51      0.71 62.276   3.912 -0.213 8.75
  168      1 38B2   0.0 100.0 19,20,22,23,53      0.98 62.809  21.321 -0.043 8.75
  169      1 39B2   0.0 100.0 19,20,22,23,54      0.98 62.809  21.321 -0.043 8.75
  180      1 42B2   0.0 100.0 19,21,22,23,53      0.69 64.276   1.013   0.03 8.75
  180      2 42B2   0.0 100.0 20,21,22,23,54      0.69 64.276   1.013   0.03 8.75
  181      1 46B1   0.0 100.0 20,21,22,23,53      0.69 64.276   1.013   0.03 8.75
  181      2 46B1   0.0 100.0 19,21,22,23,54      0.69 64.276   1.013   0.03 8.75
  187      1 45B2   0.0 100.0 19,20,21,23,57       0.7 65.848  30.682  0.193 8.75
  187      2 45B2   0.0 100.0 19,20,21,22,56       0.7 65.848  30.682  0.193 8.75
  188      1 47B1   0.0 100.0 19,20,21,23,56       0.7 65.848  30.682 -0.193 8.75
  188      2 47B1   0.0 100.0 19,20,21,22,57       0.7 65.848  30.682 -0.193 8.75
  189      1 46B2   0.0 100.0 19,20,21,22,62      0.65 66.006  35.099  0.048 8.75
  189      2 46B2   0.0 100.0 19,20,21,22,55      0.56 66.006  35.099  0.048 8.75
  189      3 46B2   0.0 100.0 19,20,21,22,65      0.46 66.006  35.099  0.048 8.75
  190      1 48B1   0.0 100.0 19,20,21,23,62      0.65 66.006  35.099  0.048 8.75
  190      2 48B1   0.0 100.0 19,20,21,23,55      0.56 66.006  35.099  0.048 8.75
  190      3 48B1   0.0 100.0 19,20,21,23,65      0.46 66.006  35.099  0.048 8.75

States multiplicity: 
- 0 Singlet states:  []
- 0 Doublet states:  []
- 0 Triplet states:  []
- 0 Quartet states:  []
- 0 Quintet states:  []
 
------------------------
 IMPROVED ACTIVE SPACE 
------------------------
Initial active space (HOMO = 23 ): [ 5 , 5 ] ; [19, 20, 21, 22, 23]
Final active space (HOMO = 23 ): [ 13 , 45 ] ; [15, 16, 17, 18, 19, 20, 21, 22, 23, 24, 25, 26, 27, 28, 29, 30, 31, 32, 33, 34, 35, 36, 37, 38, 39, 40, 41, 42, 43, 44, 45, 46, 47, 48, 49, 50, 51, 52, 53, 54, 55, 56, 57, 62, 65]
 
--------------------------------
 SUM-OVER-STATE ANALYSIS
--------------------------------
 state    gxx    gyy  gzz
     1  0.000  0.000  0.0
     2  0.000 -0.000  0.0
     3  0.510 -0.084  0.0
     4  0.084  0.510  0.0
     5  0.000 -0.000 -0.0
     6 -0.000 -0.000  0.0
     7  0.000 -0.000 -0.0
     8 -0.507  0.096 -0.0
     9  0.096  0.507  0.0
    10 -5.045  1.020  0.0
    11  1.020  5.045 -0.0
    12 -0.000  0.000  0.0
    13 -0.000 -0.000 -0.0
    14 -0.000 -0.000  0.0
    15 -0.000  0.000 -0.0
    16 -0.000 -0.000 -0.0
    17  0.000 -0.000 -0.0
    18 -0.000 -0.000  0.0
    19  0.091  0.701  0.0
    20 -0.701  0.091 -0.0
    21  0.000 -0.000 -0.0
    22  0.221 -0.031 -0.0
    23 -0.031 -0.221  0.0
    24 -0.000 -0.000  0.0
    25  0.000 -0.000  0.0
    26  0.000 -0.000  0.0
    27  0.000  0.000 -0.0
    28 -0.000  0.000  0.0
    29  0.000  0.000 -0.0
    30  0.140  1.054 -0.0
    31 -1.054  0.140  0.0
    32  0.093  0.699  0.0
    33  0.699 -0.093  0.0
    34 -0.000  0.000 -0.0
    35  0.000 -0.000  0.0
    36  0.005  0.050  0.0
    37  0.050 -0.005  0.0
    38  0.000 -0.000 -0.0
    39 -0.000 -0.000 -0.0
    40 -0.000 -0.000  0.0
    41 -0.000  0.000  0.0
    42  0.000 -0.000  0.0
    43 -0.000 -0.000 -0.0
    44 -0.000  0.000  0.0
    45  0.000  0.000  0.0
    46 -0.136  0.014  0.0
    47  0.014  0.136 -0.0
    48  0.000  0.000  0.0
    49  0.000 -0.000  0.0
    50  0.000  0.000  0.0
    51 -0.322  0.034  0.0
    52 -0.034 -0.322  0.0
    53 -0.000  0.000 -0.0
    54  0.000  0.000  0.0
    55 -0.000  0.000 -0.0
    56  0.000  0.000 -0.0
    57 -0.000 -0.000  0.0
    58 -0.000  0.000  0.0
    59 -0.037 -0.304  0.0
    60 -0.304  0.037  0.0
    61  0.000 -0.000 -0.0
    62  0.000 -0.000  0.0
    63  0.009  0.073  0.0
    64  0.073 -0.009  0.0
    65  0.000  0.000 -0.0
    66  0.000 -0.000 -0.0
    67  0.000 -0.000 -0.0
    68 -0.003  0.001  0.0
    69  0.001  0.003 -0.0
    70  0.000 -0.000  0.0
    71  0.000  0.000 -0.0
    72 -0.355  0.038 -0.0
    73 -0.038 -0.355 -0.0
    74 -0.000 -0.000  0.0
    75  0.000 -0.000 -0.0
    76  0.000 -0.000  0.0
    77  0.000  0.000  0.0
    78  0.082  0.672  0.0
    79  0.672 -0.082  0.0
    80 -0.000  0.000 -0.0
    81 -0.000  0.000 -0.0
    82 -0.000 -0.000 -0.0
    83 -0.005 -0.036 -0.0
    84 -0.036  0.005 -0.0
    85  0.000 -0.000  0.0
    86  0.000  0.000  0.0
    87  0.000 -0.000 -0.0
    88  0.021  0.170 -0.0
    89  0.170 -0.021 -0.0
    90 -0.000 -0.000 -0.0
    91 -0.000  0.000 -0.0
    92 -0.000  0.000 -0.0
    93  0.000  0.000  0.0
    94 -0.225  0.020 -0.0
    95  0.020  0.225  0.0
    96  0.582 -0.069  0.0
    97  0.069  0.582  0.0
    98 -0.000  0.000  0.0
    99  0.000  0.000  0.0
   100  0.000  0.000  0.0
   101  0.000 -0.000 -0.0
   102 -0.000 -0.000 -0.0
   103  0.000 -0.000  0.0
   104 -0.000  0.000 -0.0
   105  0.000  0.000 -0.0
   106 -0.000 -0.000 -0.0
   107 -0.000  0.000  0.0
   108  0.000  0.000  0.0
   109  0.000 -0.000  0.0
   110  0.024  0.169 -0.0
   111  0.169 -0.024 -0.0
   112  0.000 -0.000 -0.0
   113  0.000  0.000  0.0
   114 -0.000 -0.000  0.0
   115  0.000 -0.000  0.0
   116 -0.103 -0.480 -0.0
   117  0.480 -0.103  0.0
   118 -0.000  0.000  0.0
   119  0.000  0.000  0.0
   120  0.000  0.000 -0.0
   121  0.000 -0.000  0.0
   122  0.054  0.446  0.0
   123  0.446 -0.054  0.0
   124  0.000 -0.000  0.0
   125 -1.001  0.129  0.0
   126 -0.129 -1.001  0.0
   127  0.000  0.000 -0.0
   128  0.000 -0.000 -0.0
   129  0.000  0.000  0.0
   130 -0.000  0.000 -0.0
   131  0.000  0.000  0.0
   132 -0.000 -0.000 -0.0
   133 -0.000  0.000 -0.0
   134 -0.009 -0.064 -0.0
   135 -0.064  0.009 -0.0
   136  0.000 -0.000 -0.0
   137  0.000 -0.000 -0.0
   138  0.001  0.009  0.0
   139  0.009 -0.001  0.0
   140  0.000 -0.000 -0.0
   141 -0.000 -0.000  0.0
   142 -0.250  0.035  0.0
   143 -0.035 -0.250  0.0
   144 -0.000  0.000 -0.0
   145 -0.000 -0.000 -0.0
   146  0.000 -0.000 -0.0
   147 -0.000 -0.000 -0.0
   148 -0.000  0.000 -0.0
   149  0.000  0.000  0.0
   150  0.032  0.210 -0.0
   151 -0.210  0.032  0.0
   152  0.000 -0.000 -0.0
   153  0.113  0.879  0.0
   154  0.879 -0.113  0.0
   155 -0.000 -0.000  0.0
   156  0.000 -0.000 -0.0
   157  0.000 -0.000  0.0
   158  0.000  0.002  0.0
   159  0.002 -0.000  0.0
   160  0.000  0.000 -0.0
   161  0.000 -0.000  0.0
   162 -0.000 -0.000 -0.0
   163  0.000 -0.000 -0.0
   164 -0.000 -0.007  0.0
   165  0.007 -0.000 -0.0
   166  0.000  0.000  0.0
   167  0.000 -0.000  0.0
   168  0.007 -0.001  0.0
   169  0.001  0.007  0.0
   170 -0.000  0.000  0.0
   171 -0.000 -0.000  0.0
   172  0.000 -0.000 -0.0
   173 -0.000 -0.000  0.0
   174 -0.000 -0.000 -0.0
   175  0.000 -0.000  0.0
   176  0.000  0.000 -0.0
   177  0.000 -0.000  0.0
   178 -0.000  0.000  0.0
   179 -0.000 -0.000  0.0
   180 -0.000 -0.000  0.0
   181 -0.000  0.000  0.0
   182  0.000  0.000  0.0
   183  0.000 -0.000 -0.0
   184 -0.000  0.000 -0.0
   185 -0.000  0.000 -0.0
   186 -0.000 -0.000  0.0
   187 -0.006 -0.045 -0.0
   188  0.045 -0.006  0.0
   189 -0.002 -0.013 -0.0
   190 -0.013  0.002 -0.0
   191  0.000 -0.000  0.0
   192 -0.000 -0.000  0.0
   193 -0.000  0.000 -0.0
   194  0.000  0.000  0.0
   195 -0.000  0.000 -0.0
   196 -0.000 -0.000  0.0
   197 -0.000 -0.000 -0.0
   198  0.000  0.000  0.0
   199  0.000  0.000 -0.0
   200  0.000  0.000 -0.0

