--------------------------------------
     INPUT SECTION
--------------------------------------
File selected:  v2_3_3.out
Number of states selected:  200
Selected states selected:  [1, 2, 3, 4, 5, 6, 7, 8, 9, 10, 11, 12, 13, 14, 15, 16, 17, 18, 19, 20, 21, 22, 23, 24, 25, 26, 27, 28, 29, 30, 31, 32, 33, 34, 35, 36, 37, 38, 39, 40, 41, 42, 43, 44, 45, 46, 47, 48, 49, 50, 51, 52, 53, 54, 55, 56, 57, 58, 59, 60, 61, 62, 63, 64, 65, 66, 67, 68, 69, 70, 71, 72, 73, 74, 75, 76, 77, 78, 79, 80, 81, 82, 83, 84, 85, 86, 87, 88, 89, 90, 91, 92, 93, 94, 95, 96, 97, 98, 99, 100, 101, 102, 103, 104, 105, 106, 107, 108, 109, 110, 111, 112, 113, 114, 115, 116, 117, 118, 119, 120, 121, 122, 123, 124, 125, 126, 127, 128, 129, 130, 131, 132, 133, 134, 135, 136, 137, 138, 139, 140, 141, 142, 143, 144, 145, 146, 147, 148, 149, 150, 151, 152, 153, 154, 155, 156, 157, 158, 159, 160, 161, 162, 163, 164, 165, 166, 167, 168, 169, 170, 171, 172, 173, 174, 175, 176, 177, 178, 179, 180, 181, 182, 183, 184, 185, 186, 187, 188, 189, 190, 191, 192, 193, 194, 195, 196, 197, 198, 199, 200]
 
------------------------
 RAS-CI RESULTS
------------------------
g-factor (x y z dimensions):
-28.459 -16.086 -279.368

------------------------
 EXCITED STATES ANALYSIS
------------------------
Configurations cut-off: 0.5
state config   sym  hole  part unpairedorb amplitude      e    socc     lk   s2
    1      1   1Ag   0.0   0.0    22,23,24       1.0    0.0     0.0    0.0 3.75
    2      1   2Ag   0.0 100.0    22,23,31      0.67  0.348 253.623 -1.995 3.75
    2      2   2Ag   0.0 100.0    23,24,31       0.5  0.348 253.623 -1.995 3.75
    3      1   3Ag  0.01 99.99    22,24,32      0.69  0.382 232.962 -1.789 3.75
    3      2   3Ag  0.01 99.99    22,24,29      0.48  0.382 232.962 -1.789 3.75
    4      1   4Ag  0.02 99.98    23,24,32      0.53  1.676   5.797 -0.048 3.75
    4      2   4Ag  0.02 99.98    22,23,32      0.46  1.676   5.797 -0.048 3.75
    4      3   4Ag  0.02 99.98    23,24,29      0.35  1.676   5.797 -0.048 3.75
    4      4   4Ag  0.02 99.98    22,23,29      0.33  1.676   5.797 -0.048 3.75
    5      1   5Ag  0.26 99.74    23,24,30      0.49  1.752 226.226 -1.886 3.75
    5      2   5Ag  0.26 99.74    22,23,30      0.45  1.752 226.226 -1.886 3.75
    5      3   5Ag  0.26 99.74    23,24,36      0.44  1.752 226.226 -1.886 3.75
    5      4   5Ag  0.26 99.74    22,23,36       0.4  1.752 226.226 -1.886 3.75
    6      1   6Ag  99.2   0.8    19,22,23      0.75  2.461  82.128  0.521 3.75
    6      2   6Ag  99.2   0.8    19,23,24      0.66  2.461  82.128  0.521 3.75
    7      1   7Ag  24.6  75.4    22,24,30      0.58  2.559 144.775  0.599 3.75
    7      2   7Ag  24.6  75.4    22,24,36       0.5  2.559 144.775  0.599 3.75
    7      3   7Ag  24.6  75.4    20,23,24      0.42  2.559 144.775  0.599 3.75
    9      1   9Ag 68.49 31.51    20,23,24      0.73  2.762  40.437  0.914 3.75
    9      2   9Ag 68.49 31.51    20,22,23      0.39  2.762  40.437  0.914 3.75
   10      1  10Ag  4.45 95.55    22,23,28       0.6  3.083 148.381  -1.17 3.75
   10      2  10Ag  4.45 95.55    23,24,28      0.46  3.083 148.381  -1.17 3.75
   10      3  10Ag  4.45 95.55    22,23,35      0.42  3.083 148.381  -1.17 3.75
   10      4  10Ag  4.45 95.55    23,24,35      0.33  3.083 148.381  -1.17 3.75
   11      1  11Ag 87.09 12.91    20,22,24      0.93   3.85  36.376  0.818 3.75
   12      1  12Ag   5.1  94.9    23,24,27       0.5  4.033 111.836  0.825 3.75
   12      2  12Ag   5.1  94.9    22,23,27      0.43  4.033 111.836  0.825 3.75
   12      3  12Ag   5.1  94.9    23,24,35       0.4  4.033 111.836  0.825 3.75
   12      4  12Ag   5.1  94.9    23,24,28      0.36  4.033 111.836  0.825 3.75
   12      5  12Ag   5.1  94.9    22,23,35      0.26  4.033 111.836  0.825 3.75
   14      1  14Ag  13.0  87.0    22,24,27      0.72  4.778 102.666  0.007 3.75
   14      2  14Ag  13.0  87.0    22,24,35      0.45  4.778 102.666  0.007 3.75
   16      1  16Ag 97.51  2.49    20,22,23      0.85  4.938 101.633 -0.732 3.75
   16      2  16Ag 97.51  2.49    20,23,24       0.5  4.938 101.633 -0.732 3.75
   17      1  17Ag 99.34  0.66    21,22,24       1.0  5.228   2.452 -0.003 3.75
   18      1  18Ag  0.86 99.14    22,23,26      0.75  5.903  28.323 -0.085 3.75
   18      2  18Ag  0.86 99.14    23,24,26      0.47  5.903  28.323 -0.085 3.75
   19      1  19Ag 99.35  0.65    19,23,24      0.75  6.206   5.653  0.156 3.75
   19      2  19Ag 99.35  0.65    19,22,23      0.66  6.206   5.653  0.156 3.75
   20      1  20Ag  0.82 99.18    22,23,25      0.78  6.311   0.013  0.001 3.75
   20      2  20Ag  0.82 99.18    23,24,25      0.42  6.311   0.013  0.001 3.75
   22      1  22Ag  0.56 99.44    22,24,25      0.86  7.142   1.603  0.019 3.75
   23      1  23Ag  0.03 99.97    23,24,26      0.69  7.775  19.901 -0.294 3.75
   23      2  23Ag  0.03 99.97    22,23,26      0.48  7.775  19.901 -0.294 3.75
   23      3  23Ag  0.03 99.97    22,23,30      0.41  7.775  19.901 -0.294 3.75
   24      1  24Ag 62.46 37.54    19,22,24      0.79  8.174  13.565  0.696 3.75
   25      1  25Ag 30.47 69.53    22,23,27      0.62  8.182  36.738  0.249 3.75
   25      2  25Ag 30.47 69.53    19,22,24      0.55  8.182  36.738  0.249 3.75
   25      3  25Ag 30.47 69.53    22,23,28      0.43  8.182  36.738  0.249 3.75
   26      1  26Ag   6.7  93.3    22,24,26      0.73  8.584  10.111 -0.034 3.75
   26      2  26Ag   6.7  93.3    22,24,30      0.39  8.584  10.111 -0.034 3.75
   27      1  27Ag  0.01 99.99    23,24,31      0.75  8.647  21.325 -0.004 3.75
   27      2  27Ag  0.01 99.99    22,23,31      0.59  8.647  21.325 -0.004 3.75
   28      1  28Ag  0.17 99.83    23,24,27       0.7  8.711  23.399  0.067 3.75
   28      2  28Ag  0.17 99.83    23,24,28      0.53  8.711  23.399  0.067 3.75
   29      1  29Ag  0.13 99.87    23,24,33      0.46  8.953   0.029  0.002 3.75
   29      2  29Ag  0.13 99.87    22,23,32      0.44  8.953   0.029  0.002 3.75
   29      3  29Ag  0.13 99.87    22,23,33       0.4  8.953   0.029  0.002 3.75
   29      4  29Ag  0.13 99.87    23,24,29      0.34  8.953   0.029  0.002 3.75
   30      1  30Ag  0.09 99.91    22,24,28      0.67  9.361  39.465  0.296 3.75
   30      2  30Ag  0.09 99.91    22,24,27      0.59  9.361  39.465  0.296 3.75
   30      3  30Ag  0.09 99.91    22,24,35      0.38  9.361  39.465  0.296 3.75
   31      1  31Ag  0.06 99.94    23,24,30      0.52   9.75  32.115  0.141 3.75
   31      2  31Ag  0.06 99.94    22,23,30      0.47   9.75  32.115  0.141 3.75
   31      3  31Ag  0.06 99.94    22,23,36       0.4   9.75  32.115  0.141 3.75
   31      4  31Ag  0.06 99.94    23,24,26      0.34   9.75  32.115  0.141 3.75
   31      5  31Ag  0.06 99.94    23,24,36       0.3   9.75  32.115  0.141 3.75
   31      6  31Ag  0.06 99.94    22,23,26      0.28   9.75  32.115  0.141 3.75
   33      1  33Ag  0.04 99.96    22,24,33      0.71 10.034  12.815  0.014 3.75
   34      1  34Ag  0.05 99.95    22,23,29      0.47 10.418   0.063  0.001 3.75
   34      2  34Ag  0.05 99.95    22,23,33      0.43 10.418   0.063  0.001 3.75
   34      3  34Ag  0.05 99.95    22,23,32      0.43 10.418   0.063  0.001 3.75
   34      4  34Ag  0.05 99.95    22,24,31      0.34 10.418   0.063  0.001 3.75
   34      5  34Ag  0.05 99.95    23,24,33      0.29 10.418   0.063  0.001 3.75
   34      6  34Ag  0.05 99.95    22,23,45      0.28 10.418   0.063  0.001 3.75
   37      1  37Ag  0.02 99.98    22,24,29      0.67 11.319   5.145  0.011 3.75
   37      2  37Ag  0.02 99.98    22,24,33       0.5 11.319   5.145  0.011 3.75
   37      3  37Ag  0.02 99.98    22,24,32      0.35 11.319   5.145  0.011 3.75
   38      1  38Ag  0.01 99.99    22,23,35      0.62 11.883  70.194 -0.053 3.75
   38      2  38Ag  0.01 99.99    22,23,28      0.47 11.883  70.194 -0.053 3.75
   39      1  39Ag  0.01 99.99    22,23,36      0.61 11.915 114.909 -0.153 3.75
   39      2  39Ag  0.01 99.99    22,23,30      0.56 11.915 114.909 -0.153 3.75
   40      1  40Ag  0.02 99.98    23,24,36       0.6 12.523  56.649  0.024 3.75
   40      2  40Ag  0.02 99.98    23,24,30      0.55 12.523  56.649  0.024 3.75
   41      1  41Ag  0.01 99.99    23,24,35      0.59 12.566 103.354  0.124 3.75
   41      2  41Ag  0.01 99.99    23,24,28      0.42 12.566 103.354  0.124 3.75
   41      3  41Ag  0.01 99.99    23,24,27      0.36 12.566 103.354  0.124 3.75
   41      4  41Ag  0.01 99.99    22,23,40       0.3 12.566 103.354  0.124 3.75
   43      1  43Ag  0.02 99.98    22,24,35      0.67 12.821  31.695 -0.072 3.75
   43      2  43Ag  0.02 99.98    22,24,28       0.6 12.821  31.695 -0.072 3.75
   44      1  44Ag  0.02 99.98    22,24,36      0.56 13.013  28.798 -0.067 3.75
   44      2  44Ag  0.02 99.98    22,24,30      0.53 13.013  28.798 -0.067 3.75
   44      3  44Ag  0.02 99.98    22,24,26      0.44 13.013  28.798 -0.067 3.75
   44      4  44Ag  0.02 99.98    22,24,41      0.36 13.013  28.798 -0.067 3.75
   46      1  46Ag   0.0 100.0    22,23,38      0.84 13.315  56.572  0.014 3.75
   48      1  48Ag  0.01 99.99    22,24,34      0.87 13.633   1.161  0.002 3.75
   49      1  49Ag   0.0 100.0    23,24,38      0.78 13.898  44.805  0.003 3.75
   50      1  50Ag   0.0 100.0    22,24,37      0.59 14.079  70.989  0.009 3.75
   50      2  50Ag   0.0 100.0    22,24,32      0.42 14.079  70.989  0.009 3.75
   50      3  50Ag   0.0 100.0    22,24,39      0.42 14.079  70.989  0.009 3.75
   50      4  50Ag   0.0 100.0    22,24,44      0.38 14.079  70.989  0.009 3.75
   55      1  55Ag   0.0 100.0    22,24,39      0.53 15.148   5.257 -0.001 3.75
   55      2  55Ag   0.0 100.0    22,24,37      0.45 15.148   5.257 -0.001 3.75
   55      3  55Ag   0.0 100.0    22,24,34       0.4 15.148   5.257 -0.001 3.75
   55      4  55Ag   0.0 100.0    22,24,45      0.38 15.148   5.257 -0.001 3.75
   55      5  55Ag   0.0 100.0    22,24,33      0.27 15.148   5.257 -0.001 3.75
   56      1  56Ag   0.0 100.0    22,23,41      0.78 15.383  10.083 -0.199 3.75
   56      2  56Ag   0.0 100.0    23,24,41      0.42 15.383  10.083 -0.199 3.75
   57      1  57Ag   0.0 100.0    22,23,40      0.86 15.442  15.892 -0.266 3.75
   58      1  58Ag  0.02 99.98    22,23,42      0.52 15.627   0.074 -0.001 3.75
   58      2  58Ag  0.02 99.98    22,23,44      0.48 15.627   0.074 -0.001 3.75
   58      3  58Ag  0.02 99.98    22,23,39      0.38 15.627   0.074 -0.001 3.75
   58      4  58Ag  0.02 99.98    23,24,34      0.28 15.627   0.074 -0.001 3.75
   60      1  60Ag   0.0 100.0    22,23,43      0.83 16.058   4.265 -0.007 3.75
   61      1  61Ag   0.0 100.0    23,24,40      0.87 16.194   8.008 -0.027 3.75
   62      1  62Ag  0.01 99.99    23,24,42      0.66 16.271   0.834 -0.008 3.75
   62      2  62Ag  0.01 99.99    23,24,39      0.36 16.271   0.834 -0.008 3.75
   63      1  63Ag   0.0 100.0    23,24,41      0.82 16.279   9.618   0.09 3.75
   63      2  63Ag   0.0 100.0    22,23,41      0.49 16.279   9.618   0.09 3.75
   64      1  64Ag   0.0 100.0    22,24,41      0.88 16.428   9.828  -0.07 3.75
   64      2  64Ag   0.0 100.0    22,24,36      0.45 16.428   9.828  -0.07 3.75
   65      1  65Ag   0.0 100.0    22,24,40      0.96 16.523   6.781 -0.079 3.75
   66      1  66Ag  0.01 99.99    22,23,45      0.68 16.631    0.06  0.001 3.75
   66      2  66Ag  0.01 99.99    23,24,42      0.35 16.631    0.06  0.001 3.75
   66      3  66Ag  0.01 99.99    23,24,45      0.34 16.631    0.06  0.001 3.75
   67      1  67Ag   0.0 100.0    23,24,43      0.82  16.65  27.287 -0.012 3.75
   68      1  68Ag   0.0 100.0    22,24,44      0.57 16.667   4.115 -0.003 3.75
   68      2  68Ag   0.0 100.0    22,24,42      0.49 16.667   4.115 -0.003 3.75
   68      3  68Ag   0.0 100.0    22,24,39      0.42 16.667   4.115 -0.003 3.75
   70      1  70Ag   0.0 100.0    22,24,42       0.7 16.892  24.333 -0.009 3.75
   70      2  70Ag   0.0 100.0    22,24,44      0.48 16.892  24.333 -0.009 3.75
   70      3  70Ag   0.0 100.0    22,24,37      0.39 16.892  24.333 -0.009 3.75
   73      1  73Ag   0.0 100.0    22,24,45      0.82 17.635   1.247  0.005 3.75
   74      1  74Ag   0.0 100.0    22,23,47      0.87 17.851  89.008 -0.313 3.75
   75      1  75Ag   0.0 100.0    22,23,46      0.87 17.888  60.971  0.106 3.75
   76      1  76Ag   0.0 100.0    23,24,46      0.87 18.632  83.083 -0.302 3.75
   77      1  77Ag   0.0 100.0    23,24,47      0.87  18.65   54.69  0.099 3.75
   78      1  78Ag   0.0 100.0    22,24,46      0.92 18.867  15.668  0.137 3.75
   79      1  79Ag   0.0 100.0    22,24,47      0.92 18.901  10.154 -0.121 3.75
   81      1  1B1u   0.0 100.0    22,24,48       0.9 23.254  22.422  0.005 3.75
   83      1  81Ag   0.0 100.0    22,23,49      0.79 23.854  85.372   0.01 3.75
   83      2  81Ag   0.0 100.0    23,24,49      0.51 23.854  85.372   0.01 3.75
   85      1  83Ag   0.0 100.0    23,24,49      0.69 24.625 111.828  0.004 3.75
   85      2  83Ag   0.0 100.0    22,23,57      0.49 24.625 111.828  0.004 3.75
   85      3  83Ag   0.0 100.0    22,23,49      0.37 24.625 111.828  0.004 3.75
   86      1  84Ag   0.0 100.0    22,24,50      0.78 24.895 136.801 -0.005 3.75
   86      2  84Ag   0.0 100.0    22,24,56      0.52 24.895 136.801 -0.005 3.75
   88      1  86Ag  0.04 99.96    22,24,49      0.87 25.491   0.718  0.001 3.75
   89      1  87Ag   0.0 100.0    22,23,51      0.71 25.928  91.829   0.19 3.75
   89      2  87Ag   0.0 100.0    23,24,55      0.51 25.928  91.829   0.19 3.75
   89      3  87Ag   0.0 100.0    22,23,55       0.4 25.928  91.829   0.19 3.75
   90      1  88Ag   0.0 100.0    22,23,52      0.78 25.992 119.846 -0.288 3.75
   90      2  88Ag   0.0 100.0    23,24,52      0.41 25.992 119.846 -0.288 3.75
   91      1  89Ag   0.0 100.0    23,24,51      0.68 26.261 103.004 -0.182 3.75
   91      2  89Ag   0.0 100.0    22,23,51      0.51 26.261 103.004 -0.182 3.75
   91      3  89Ag   0.0 100.0    22,23,55       0.4 26.261 103.004 -0.182 3.75
   92      1  90Ag   0.0 100.0    23,24,52      0.67 26.343  39.546  -0.04 3.75
   92      2  90Ag   0.0 100.0    22,23,54      0.59 26.343  39.546  -0.04 3.75
   93      1  91Ag   0.0 100.0    22,24,52      0.85  26.74  39.173 -0.066 3.75
   93      2  91Ag   0.0 100.0    22,24,54      0.43  26.74  39.173 -0.066 3.75
   94      1  92Ag   0.0 100.0    22,24,55      0.78 26.835  46.751 -0.056 3.75
   94      2  92Ag   0.0 100.0    22,24,51      0.54 26.835  46.751 -0.056 3.75
   95      1  3B1u  0.01 99.99    22,23,53      0.91 27.723   0.091  0.001 3.75
   96      1  93Ag  0.01 99.99    23,24,53       0.9 28.369   0.104 -0.001 3.75
   97      1  94Ag   0.0 100.0    23,24,56       0.6 28.515    0.11 -0.001 3.75
   97      2  94Ag   0.0 100.0    22,23,56       0.6 28.515    0.11 -0.001 3.75
   97      3  94Ag   0.0 100.0    23,24,50       0.4 28.515    0.11 -0.001 3.75
   98      1  4B1u   0.0 100.0    22,24,53      0.94 28.619   10.73  0.003 3.75
   99      1  95Ag   0.0 100.0    22,23,57      0.75 28.826   41.68  0.014 3.75
   99      2  95Ag   0.0 100.0    23,24,49      0.46 28.826   41.68  0.014 3.75
   99      3  95Ag   0.0 100.0    22,23,49      0.37 28.826   41.68  0.014 3.75
  100      1  96Ag   0.0 100.0    23,24,51       0.7  29.05  39.931  0.174 3.75
  100      2  96Ag   0.0 100.0    22,23,55      0.43  29.05  39.931  0.174 3.75
  100      3  96Ag   0.0 100.0    22,23,51      0.42  29.05  39.931  0.174 3.75
  100      4  96Ag   0.0 100.0    23,24,55      0.38  29.05  39.931  0.174 3.75
  101      1  97Ag   0.0 100.0    22,23,54      0.64 29.409  31.943  0.123 3.75
  101      2  97Ag   0.0 100.0    23,24,54       0.6 29.409  31.943  0.123 3.75
  101      3  97Ag   0.0 100.0    23,24,52      0.45 29.409  31.943  0.123 3.75
  102      1  98Ag   0.0 100.0    22,24,56      0.82 29.493  43.145  0.011 3.75
  102      2  98Ag   0.0 100.0    22,24,50      0.56 29.493  43.145  0.011 3.75
  103      1  99Ag   0.0 100.0    23,24,57      0.88 29.691  24.719  0.007 3.75
  104      1 100Ag   0.0 100.0    23,24,54      0.65 30.053  29.172 -0.059 3.75
  104      2 100Ag   0.0 100.0    22,23,52      0.47 30.053  29.172 -0.059 3.75
  104      3 100Ag   0.0 100.0    22,23,54      0.45 30.053  29.172 -0.059 3.75
  104      4 100Ag   0.0 100.0    23,24,52      0.36 30.053  29.172 -0.059 3.75
  105      1 101Ag   0.0 100.0    22,24,51      0.82 30.216    9.21  0.011 3.75
  105      2 101Ag   0.0 100.0    22,24,55      0.56 30.216    9.21  0.011 3.75
  106      1 102Ag   0.0 100.0    23,24,56      0.69 30.251   0.031  0.001 3.75
  106      2 102Ag   0.0 100.0    22,23,56      0.63 30.251   0.031  0.001 3.75
  107      1 103Ag   0.0 100.0    23,24,55      0.71  30.38   3.891  0.066 3.75
  107      2 103Ag   0.0 100.0    22,23,55      0.68  30.38   3.891  0.066 3.75
  108      1 104Ag   0.0 100.0    22,24,54      0.88 30.606   9.849 -0.018 3.75
  108      2 104Ag   0.0 100.0    22,24,52      0.45 30.606   9.849 -0.018 3.75
  112      1  7B1u   0.0 100.0    22,24,58      0.96 36.587   0.156  0.003 3.75
  113      1 106Ag   0.0 100.0    22,23,60      0.87 39.229  95.691  0.036 3.75
  114      1 107Ag   0.0 100.0    22,23,59      0.92 39.314  83.908   0.16 3.75
  115      1 108Ag   0.0 100.0    23,24,59      0.78 39.723  32.996  0.046 3.75
  115      2 108Ag   0.0 100.0    22,24,60      0.51 39.723  32.996  0.046 3.75
  116      1 109Ag   0.0 100.0    23,24,60      0.69 39.934    6.71  0.307 3.75
  116      2 109Ag   0.0 100.0    22,24,59      0.52 39.934    6.71  0.307 3.75
  116      3 109Ag   0.0 100.0    22,23,60      0.36 39.934    6.71  0.307 3.75
  117      1 110Ag   0.0 100.0    22,24,60      0.76 40.045  47.809 -0.261 3.75
  117      2 110Ag   0.0 100.0    23,24,59      0.54 40.045  47.809 -0.261 3.75
  118      1 111Ag   0.0 100.0    22,24,59      0.77 40.092  13.657  0.055 3.75
  118      2 111Ag   0.0 100.0    23,24,60      0.52 40.092  13.657  0.055 3.75
  119      1  8B1u   0.0 100.0    22,23,61      0.85 43.208   0.429 -0.001 3.75
  119      2  8B1u   0.0 100.0    23,24,61      0.45 43.208   0.429 -0.001 3.75
  121      1  9B1u   0.0 100.0    22,24,61      0.95 44.211   0.514 -0.002 3.75
  122      1 113Ag   0.0 100.0    22,23,63      0.85 49.511 230.365 -0.723 3.75
  123      1 114Ag   0.0 100.0    22,23,62      0.79  49.52 232.453  0.446 3.75
  123      2 114Ag   0.0 100.0    23,24,62      0.52  49.52 232.453  0.446 3.75
  124      1 115Ag   0.0 100.0    23,24,63      0.85  50.27 157.962  0.253 3.75
  125      1 116Ag   0.0 100.0    23,24,62      0.79 50.274 150.406 -0.628 3.75
  125      2 116Ag   0.0 100.0    22,23,62       0.5 50.274 150.406 -0.628 3.75
  126      1 117Ag   0.0 100.0    22,24,62      0.92 50.535   3.434  0.265 3.75
  127      1 118Ag   0.0 100.0    22,24,63      0.92  50.66   6.633 -0.222 3.75
  128      1 119Ag   0.0 100.0    22,23,64      0.74 52.042   0.569  0.001 3.75
  128      2 119Ag   0.0 100.0    23,24,64      0.47 52.042   0.569  0.001 3.75
  130      1 121Ag   0.0 100.0    22,24,64      0.84 52.797   0.616  0.001 3.75
  130      2 121Ag   0.0 100.0    22,24,65      0.48 52.797   0.616  0.001 3.75
  131      1 122Ag   0.0 100.0    22,23,67      0.88 58.792   7.377  0.502 3.75
  132      1 123Ag   0.0 100.0    22,23,66      0.88 58.851  23.595 -0.662 3.75
  133      1 124Ag   0.0 100.0    22,23,65       0.7 59.055   0.268 -0.001 3.75
  133      2 124Ag   0.0 100.0    23,24,65      0.55 59.055   0.268 -0.001 3.75
  133      3 124Ag   0.0 100.0    23,24,64      0.39 59.055   0.268 -0.001 3.75
  134      1 125Ag   0.0 100.0    23,24,66      0.86 59.592  48.153   -0.2 3.75
  134      2 125Ag   0.0 100.0    22,23,66      0.43 59.592  48.153   -0.2 3.75
  135      1 126Ag   0.0 100.0    23,24,67      0.88 59.649  71.361 -0.335 3.75
  136      1 127Ag   0.0 100.0    22,24,66      0.96 59.824  52.155 -0.272 3.75
  137      1 128Ag   0.0 100.0    22,24,67      0.95 59.888  63.749  0.137 3.75
  139      1 130Ag   0.0 100.0    22,23,69      0.69 60.282  15.163  0.002 3.75
  139      2 130Ag   0.0 100.0    22,24,65      0.49 60.282  15.163  0.002 3.75
  139      3 130Ag   0.0 100.0    23,24,69       0.4 60.282  15.163  0.002 3.75
  140      1 131Ag   0.0 100.0    22,24,65      0.71 60.445  11.466  0.001 3.75
  140      2 131Ag   0.0 100.0    22,23,69      0.51 60.445  11.466  0.001 3.75
  140      3 131Ag   0.0 100.0    22,24,64      0.37 60.445  11.466  0.001 3.75
  141      1 132Ag   0.0 100.0    22,23,68      0.83 60.712   0.081 -0.002 3.75
  141      2 132Ag   0.0 100.0    23,24,68      0.43 60.712   0.081 -0.002 3.75
  142      1 133Ag   0.0 100.0    23,24,69      0.85  61.12  24.083 -0.001 3.75
  142      2 133Ag   0.0 100.0    22,23,69      0.46  61.12  24.083 -0.001 3.75
  144      1 135Ag   0.0 100.0    22,24,68      0.97 61.424  31.171 -0.001 3.75
  145      1 136Ag   0.0 100.0    22,24,69      0.89 61.947   0.167  0.001 3.75
  146      1 137Ag   0.0 100.0    22,23,71      0.57 63.818   1.397  -0.83 3.75
  146      2 137Ag   0.0 100.0    22,24,72      0.46 63.818   1.397  -0.83 3.75
  146      3 137Ag   0.0 100.0    23,24,71      0.41 63.818   1.397  -0.83 3.75
  146      4 137Ag   0.0 100.0    23,24,73       0.4 63.818   1.397  -0.83 3.75
  146      5 137Ag   0.0 100.0    22,24,74      0.31 63.818   1.397  -0.83 3.75
  147      1 138Ag   0.0 100.0    22,23,72      0.59 63.839  16.126  0.941 3.75
  147      2 138Ag   0.0 100.0    22,24,71      0.45 63.839  16.126  0.941 3.75
  147      3 138Ag   0.0 100.0    23,24,74       0.4 63.839  16.126  0.941 3.75
  147      4 138Ag   0.0 100.0    23,24,72      0.39 63.839  16.126  0.941 3.75
  147      5 138Ag   0.0 100.0    22,24,73      0.31 63.839  16.126  0.941 3.75
  148      1 139Ag   0.0 100.0    22,23,70      0.95 64.023     0.3 -0.001 3.75
  149      1 140Ag   0.0 100.0    22,24,70      0.96 64.355   5.855  0.002 3.75
  150      1 141Ag   0.0 100.0    23,24,71      0.67 64.529   4.319 -1.994 3.75
  150      2 141Ag   0.0 100.0    22,23,73      0.59 64.529   4.319 -1.994 3.75
  151      1 142Ag   0.0 100.0    23,24,72      0.69 64.556   7.381  1.946 3.75
  151      2 142Ag   0.0 100.0    22,23,74       0.6 64.556   7.381  1.946 3.75
  152      1 10B1u   0.0 100.0    23,24,70      0.95  64.64    0.22  0.002 3.75
  153      1 143Ag   0.0 100.0    22,24,71      0.64 64.977    9.75  -0.71 3.75
  153      2 143Ag   0.0 100.0    22,23,72      0.51 64.977    9.75  -0.71 3.75
  153      3 143Ag   0.0 100.0    22,24,73      0.44 64.977    9.75  -0.71 3.75
  153      4 143Ag   0.0 100.0    23,24,74      0.34 64.977    9.75  -0.71 3.75
  154      1 144Ag   0.0 100.0    22,24,72      0.63 65.009  23.322 -0.731 3.75
  154      2 144Ag   0.0 100.0    22,23,71      0.51 65.009  23.322 -0.731 3.75
  154      3 144Ag   0.0 100.0    22,24,74      0.43 65.009  23.322 -0.731 3.75
  154      4 144Ag   0.0 100.0    23,24,73      0.34 65.009  23.322 -0.731 3.75
  155      1 145Ag   0.0 100.0    23,24,73       0.6 70.924   4.152  0.116 3.75
  155      2 145Ag   0.0 100.0    22,23,73      0.58 70.924   4.152  0.116 3.75
  155      3 145Ag   0.0 100.0    23,24,71      0.48 70.924   4.152  0.116 3.75
  156      1 146Ag   0.0 100.0    23,24,74       0.6 70.945    3.36  0.083 3.75
  156      2 146Ag   0.0 100.0    22,23,74      0.58 70.945    3.36  0.083 3.75
  156      3 146Ag   0.0 100.0    23,24,72      0.48 70.945    3.36  0.083 3.75
  157      1 147Ag   0.0 100.0    23,24,77      0.62 71.539 101.763 -0.002 3.75
  157      2 147Ag   0.0 100.0    22,23,77      0.61 71.539 101.763 -0.002 3.75
  158      1 148Ag   0.0 100.0    23,24,73      0.58 71.703  11.958 -0.267 3.75
  158      2 148Ag   0.0 100.0    22,23,71      0.51 71.703  11.958 -0.267 3.75
  158      3 148Ag   0.0 100.0    22,23,73      0.51 71.703  11.958 -0.267 3.75
  158      4 148Ag   0.0 100.0    23,24,71      0.38 71.703  11.958 -0.267 3.75
  159      1 149Ag   0.0 100.0    23,24,74      0.58 71.725   6.258 -0.254 3.75
  159      2 149Ag   0.0 100.0    22,23,72      0.51 71.725   6.258 -0.254 3.75
  159      3 149Ag   0.0 100.0    22,23,74      0.51 71.725   6.258 -0.254 3.75
  159      4 149Ag   0.0 100.0    23,24,72      0.38 71.725   6.258 -0.254 3.75
  160      1 11B1u   0.0 100.0    22,24,77      0.73 71.922   0.434  0.002 3.75
  161      1 150Ag   0.0 100.0    22,24,84      0.66 72.376 356.594  0.001 3.75
  161      2 150Ag   0.0 100.0    22,24,78       0.6 72.376 356.594  0.001 3.75
  161      3 150Ag   0.0 100.0    22,24,79      0.38 72.376 356.594  0.001 3.75
  162      1 151Ag   0.0 100.0    22,23,85      0.61 72.452 296.392 -0.001 3.75
  162      2 151Ag   0.0 100.0    22,23,77      0.44 72.452 296.392 -0.001 3.75
  162      3 151Ag   0.0 100.0    23,24,77      0.44 72.452 296.392 -0.001 3.75
  162      4 151Ag   0.0 100.0    23,24,85      0.42 72.452 296.392 -0.001 3.75
  164      1 153Ag   0.0 100.0    22,24,73      0.82  72.58  39.459  0.207 3.75
  164      2 153Ag   0.0 100.0    22,24,71      0.56  72.58  39.459  0.207 3.75
  165      1 154Ag   0.0 100.0    22,24,74      0.81 72.599  42.057 -0.181 3.75
  165      2 154Ag   0.0 100.0    22,24,72      0.56 72.599  42.057 -0.181 3.75
  166      1 155Ag   0.0 100.0    23,24,83      0.61 72.953 283.994  0.737 3.75
  166      2 155Ag   0.0 100.0    22,23,83       0.5 72.953 283.994  0.737 3.75
  166      3 155Ag   0.0 100.0    22,24,81      0.45 72.953 283.994  0.737 3.75
  167      1 156Ag   0.0 100.0    22,23,80      0.74 73.012 163.625  0.231 3.75
  167      2 156Ag   0.0 100.0    23,24,80       0.6 73.012 163.625  0.231 3.75
  168      1 157Ag   0.0 100.0    22,23,81      0.63 73.013 309.018 -0.743 3.75
  168      2 157Ag   0.0 100.0    23,24,82      0.51 73.013 309.018 -0.743 3.75
  168      3 157Ag   0.0 100.0    22,24,83      0.42 73.013 309.018 -0.743 3.75
  168      4 157Ag   0.0 100.0    23,24,81      0.36 73.013 309.018 -0.743 3.75
  169      1 158Ag   0.0 100.0    22,23,82      0.71 73.065  69.494  0.031 3.75
  169      2 158Ag   0.0 100.0    23,24,81      0.55 73.065  69.494  0.031 3.75
  170      1 159Ag   0.0 100.0    22,24,81      0.73 73.461  30.695  0.296 3.75
  170      2 159Ag   0.0 100.0    22,24,82      0.42 73.461  30.695  0.296 3.75
  170      3 159Ag   0.0 100.0    23,24,83      0.39 73.461  30.695  0.296 3.75
  171      1 160Ag   0.0 100.0    23,24,78      0.54 73.535   0.894 -0.002 3.75
  171      2 160Ag   0.0 100.0    23,24,84      0.41 73.535   0.894 -0.002 3.75
  171      3 160Ag   0.0 100.0    22,23,84       0.4 73.535   0.894 -0.002 3.75
  171      4 160Ag   0.0 100.0    22,23,78      0.38 73.535   0.894 -0.002 3.75
  171      5 160Ag   0.0 100.0    22,24,77      0.27 73.535   0.894 -0.002 3.75
  171      6 160Ag   0.0 100.0    22,23,76      0.27 73.535   0.894 -0.002 3.75
  172      1 161Ag   0.0 100.0    22,24,83      0.85 73.688  30.596  0.126 3.75
  173      1 12B1u   0.0 100.0    22,24,79      0.82 74.331  59.842  0.001 3.75
  175      1 162Ag   0.0 100.0    23,24,79      0.77 75.051   0.343  0.001 3.75
  176      1 163Ag   0.0 100.0    22,23,76      0.63 75.135   0.037 -0.002 3.75
  176      2 163Ag   0.0 100.0    23,24,76      0.58 75.135   0.037 -0.002 3.75
  177      1 164Ag   0.0 100.0    22,23,75      0.82 75.322  16.994 -0.002 3.75
  178      1 165Ag   0.0 100.0    23,24,75      0.83 76.032  59.436  0.001 3.75
  179      1 166Ag   0.0 100.0    22,24,76      0.91 76.265  55.751  0.001 3.75
  182      1 14B1u   0.0 100.0    22,23,86      0.63 79.321   0.129 -0.001 3.75
  182      2 14B1u   0.0 100.0    23,24,86      0.39 79.321   0.129 -0.001 3.75
  182      3 14B1u   0.0 100.0    23,24,78      0.37 79.321   0.129 -0.001 3.75
  183      1 15B1u   0.0 100.0    22,23,86      0.55 79.745    0.21 -0.001 3.75
  183      2 15B1u   0.0 100.0    23,24,78      0.43 79.745    0.21 -0.001 3.75
  183      3 15B1u   0.0 100.0    23,24,84      0.42 79.745    0.21 -0.001 3.75
  183      4 15B1u   0.0 100.0    22,23,84      0.35 79.745    0.21 -0.001 3.75
  183      5 15B1u   0.0 100.0    22,23,78      0.33 79.745    0.21 -0.001 3.75
  184      1 16B1u   0.0 100.0    23,24,86      0.76 80.082   0.224  0.001 3.75
  184      2 16B1u   0.0 100.0    22,23,87       0.4 80.082   0.224  0.001 3.75
  185      1 17B1u   0.0 100.0    22,24,86      0.84 80.394   8.273  0.002 3.75
  186      1 169Ag   0.0 100.0    23,24,80      0.78 80.577  66.511 -0.341 3.75
  186      2 169Ag   0.0 100.0    22,23,80      0.59 80.577  66.511 -0.341 3.75
  187      1 170Ag   0.0 100.0    22,23,77      0.55 80.662  25.273  0.004 3.75
  187      2 170Ag   0.0 100.0    23,24,77      0.54 80.662  25.273  0.004 3.75
  187      3 170Ag   0.0 100.0    22,23,85      0.49 80.662  25.273  0.004 3.75
  187      4 170Ag   0.0 100.0    23,24,85      0.32 80.662  25.273  0.004 3.75
  188      1 171Ag   0.0 100.0    23,24,82      0.68 80.891  61.896 -0.327 3.75
  188      2 171Ag   0.0 100.0    22,23,82      0.54 80.891  61.896 -0.327 3.75
  188      3 171Ag   0.0 100.0    23,24,81      0.39 80.891  61.896 -0.327 3.75
  189      1 172Ag   0.0 100.0    22,24,78      0.71 81.466  23.696  0.003 3.75
  189      2 172Ag   0.0 100.0    22,24,84      0.61 81.466  23.696  0.003 3.75
  190      1 173Ag   0.0 100.0    23,24,85      0.74 81.579  10.659  0.002 3.75
  190      2 173Ag   0.0 100.0    22,23,85      0.51 81.579  10.659  0.002 3.75
  191      1 174Ag   0.0 100.0    22,23,81      0.63 82.041  14.654  0.113 3.75
  191      2 174Ag   0.0 100.0    23,24,81      0.55 82.041  14.654  0.113 3.75
  191      3 174Ag   0.0 100.0    22,23,82       0.4 82.041  14.654  0.113 3.75
  191      4 174Ag   0.0 100.0    23,24,82      0.37 82.041  14.654  0.113 3.75
  192      1 175Ag   0.0 100.0    22,23,83      0.74 82.273  13.909  0.046 3.75
  192      2 175Ag   0.0 100.0    23,24,83      0.66 82.273  13.909  0.046 3.75
  193      1 176Ag   0.0 100.0    22,24,80      0.98 82.468   2.446  0.025 3.75
  195      1 178Ag   0.0 100.0    22,24,82      0.87 82.781   1.085  0.027 3.75
  195      2 178Ag   0.0 100.0    22,24,81      0.49 82.781   1.085  0.027 3.75
  200      1 180Ag   0.0 100.0    22,23,88      0.85  94.52 132.479  0.636 3.75
  200      2 180Ag   0.0 100.0    23,24,88      0.51  94.52 132.479  0.636 3.75

States multiplicity: 
- 0 Singlet states:  []
- 0 Doublet states:  []
- 0 Triplet states:  []
- 200 Quartet states:  [1, 2, 3, 4, 5, 6, 7, 8, 9, 10, 11, 12, 13, 14, 15, 16, 17, 18, 19, 20, 21, 22, 23, 24, 25, 26, 27, 28, 29, 30, 31, 32, 33, 34, 35, 36, 37, 38, 39, 40, 41, 42, 43, 44, 45, 46, 47, 48, 49, 50, 51, 52, 53, 54, 55, 56, 57, 58, 59, 60, 61, 62, 63, 64, 65, 66, 67, 68, 69, 70, 71, 72, 73, 74, 75, 76, 77, 78, 79, 80, 81, 82, 83, 84, 85, 86, 87, 88, 89, 90, 91, 92, 93, 94, 95, 96, 97, 98, 99, 100, 101, 102, 103, 104, 105, 106, 107, 108, 109, 110, 111, 112, 113, 114, 115, 116, 117, 118, 119, 120, 121, 122, 123, 124, 125, 126, 127, 128, 129, 130, 131, 132, 133, 134, 135, 136, 137, 138, 139, 140, 141, 142, 143, 144, 145, 146, 147, 148, 149, 150, 151, 152, 153, 154, 155, 156, 157, 158, 159, 160, 161, 162, 163, 164, 165, 166, 167, 168, 169, 170, 171, 172, 173, 174, 175, 176, 177, 178, 179, 180, 181, 182, 183, 184, 185, 186, 187, 188, 189, 190, 191, 192, 193, 194, 195, 196, 197, 198, 199, 200]
- 0 Quintet states:  []
 
------------------------
 IMPROVED ACTIVE SPACE 
------------------------
Initial active space (HOMO = 24 ): [ 3 , 3 ] ; [22, 23, 24]
Final active space (HOMO = 24 ): [ 9 , 70 ] ; [19, 20, 21, 22, 23, 24, 25, 26, 27, 28, 29, 30, 31, 32, 33, 34, 35, 36, 37, 38, 39, 40, 41, 42, 43, 44, 45, 46, 47, 48, 49, 50, 51, 52, 53, 54, 55, 56, 57, 58, 59, 60, 61, 62, 63, 64, 65, 66, 67, 68, 69, 70, 71, 72, 73, 74, 75, 76, 77, 78, 79, 80, 81, 82, 83, 84, 85, 86, 87, 88]
 
--------------------------------
 SUM-OVER-STATE ANALYSIS
--------------------------------
 state     gxx     gyy     gzz
     1   0.000   0.000   0.000
     2   0.021   0.004 721.474
     3  -0.291  -0.081 541.337
     4  -0.024   0.082   0.000
     5 -34.854 120.813   0.000
     6   2.492  -8.625   0.000
     7 -16.806  -4.856  -0.032
     8   0.000  -0.000   0.000
     9  -6.637  -1.915   0.015
    10  27.927   8.061  -0.014
    11   1.106  -3.833   0.000
    12 -11.344  -3.271   0.010
    13   0.000  -0.000  -0.000
    14   0.016  -0.076  -0.000
    15  -0.000   0.000   0.000
    16   7.470   2.150  -0.001
    17   0.000   0.000   0.001
    18  -0.058   0.201  -0.000
    19   0.020  -0.070  -0.000
    20   0.000  -0.000   0.000
    21  -0.000   0.000   0.000
    22  -0.000  -0.000  -0.002
    23  -0.108   0.373  -0.000
    24  -0.573  -0.165   0.000
    25  -0.555  -0.160   0.000
    26   0.020   0.006  -0.000
    27  -0.001  -0.000   0.005
    28  -0.089  -0.026  -0.000
    29   0.000  -0.000  -0.000
    30   0.178  -0.620   0.000
    31   0.066  -0.230  -0.000
    32   0.000  -0.000   0.000
    33   0.001   0.000  -0.009
    34   0.000  -0.000   0.000
    35  -0.000   0.000   0.000
    36  -0.000   0.000   0.000
    37  -0.000  -0.000  -0.002
    38   0.156   0.045  -0.000
    39  -0.211   0.730   0.000
    40   0.015  -0.053   0.000
    41  -0.507  -0.147   0.000
    42  -0.000   0.000   0.000
    43  -0.025   0.088  -0.000
    44   0.074   0.021  -0.000
    45  -0.000   0.000   0.000
    46  -0.001  -0.000  -0.030
    47  -0.000   0.000  -0.000
    48  -0.000  -0.000  -0.000
    49   0.000   0.000  -0.004
    50  -0.000  -0.000  -0.023
    51  -0.000   0.000  -0.000
    52   0.000  -0.000  -0.000
    53   0.000  -0.000  -0.000
    54  -0.000   0.000  -0.000
    55  -0.000  -0.000   0.000
    56  -0.019   0.065  -0.000
    57   0.136   0.039  -0.000
    58  -0.000   0.000   0.000
    59  -0.000   0.000  -0.000
    60   0.000   0.000   0.001
    61   0.007   0.002   0.000
    62  -0.000   0.000   0.000
    63   0.008  -0.026  -0.000
    64   0.021   0.006   0.000
    65  -0.005   0.016  -0.000
    66   0.000  -0.000  -0.000
    67  -0.000  -0.000   0.010
    68  -0.000  -0.000   0.000
    69   0.000  -0.000  -0.000
    70   0.000   0.000   0.006
    71   0.000  -0.000  -0.000
    72  -0.000   0.000   0.000
    73  -0.000  -0.000  -0.000
    74  -0.224   0.774   0.000
    75  -0.180  -0.052   0.000
    76   0.668   0.193  -0.000
    77   0.042  -0.144  -0.000
    78   0.016  -0.057  -0.000
    79   0.032   0.009  -0.000
    80  -0.000   0.000   0.000
    81  -0.000  -0.000  -0.002
    82   0.000  -0.000  -0.000
    83   0.000   0.000  -0.018
    84  -0.000   0.000   0.000
    85  -0.000  -0.000  -0.010
    86  -0.000  -0.000   0.012
    87   0.000  -0.000   0.000
    88   0.000  -0.000  -0.000
    89   0.097  -0.334   0.000
    90   0.660   0.191  -0.000
    91  -0.102   0.355   0.000
    92   0.030   0.009  -0.000
    93  -0.014   0.048  -0.000
    94   0.048   0.014   0.000
    95   0.000  -0.000   0.000
    96  -0.000   0.000   0.000
    97  -0.000   0.000  -0.000
    98  -0.000  -0.000  -0.001
    99  -0.000  -0.000  -0.010
   100   0.034  -0.118   0.000
   101  -0.066  -0.019  -0.000
   102   0.000   0.000  -0.008
   103   0.000   0.000  -0.003
   104   0.028   0.008   0.000
   105  -0.002  -0.000  -0.000
   106   0.000  -0.000   0.000
   107   0.001  -0.004  -0.000
   108  -0.001   0.003  -0.000
   109   0.000  -0.000   0.000
   110   0.000  -0.000   0.000
   111  -0.000   0.000   0.000
   112   0.000   0.000  -0.000
   113   0.012  -0.044   0.000
   114  -0.170  -0.049   0.000
   115  -0.019  -0.005  -0.000
   116   0.007  -0.026  -0.000
   117   0.155   0.044   0.000
   118   0.003  -0.009   0.000
   119  -0.000   0.000  -0.000
   120   0.000  -0.000  -0.000
   121   0.000   0.000   0.000
   122  -0.483   1.669  -0.000
   123  -1.039  -0.301   0.000
   124   0.105  -0.394  -0.000
   125   0.932   0.266   0.000
   126   0.003  -0.009  -0.000
   127   0.014   0.004  -0.000
   128   0.000  -0.000   0.000
   129  -0.000   0.000   0.000
   130  -0.000  -0.000  -0.000
   131   0.009  -0.031   0.000
   132   0.132   0.038   0.000
   133  -0.000   0.000  -0.000
   134   0.080   0.023  -0.000
   135  -0.057   0.199  -0.000
   136  -0.034   0.118   0.000
   137  -0.072  -0.021  -0.000
   138   0.000  -0.000  -0.000
   139  -0.000  -0.000   0.000
   140  -0.000  -0.000   0.000
   141  -0.000   0.000   0.000
   142   0.000   0.000   0.000
   143   0.000  -0.000  -0.000
   144  -0.000  -0.000   0.000
   145   0.000  -0.000   0.000
   146  -0.003   0.009   0.000
   147  -0.118  -0.034  -0.000
   148  -0.000   0.000  -0.000
   149  -0.000  -0.000  -0.000
   150  -0.019   0.066  -0.000
   151  -0.110  -0.032  -0.000
   152   0.000  -0.000   0.000
   153   0.053   0.015  -0.000
   154  -0.038   0.130  -0.000
   155   0.001  -0.003   0.000
   156  -0.002  -0.001   0.000
   157   0.000   0.000   0.001
   158  -0.006   0.022   0.000
   159   0.011   0.003   0.000
   160   0.000  -0.000  -0.000
   161  -0.000  -0.000  -0.001
   162   0.000   0.000   0.001
   163   0.000  -0.000  -0.000
   164  -0.056  -0.016  -0.000
   165  -0.015   0.052  -0.000
   166   0.412  -1.423   0.000
   167   0.076  -0.256  -0.000
   168   1.559   0.453  -0.000
   169  -0.015  -0.004  -0.000
   170   0.018  -0.061  -0.000
   171  -0.000   0.000   0.000
   172  -0.026  -0.007  -0.000
   173   0.000   0.000  -0.000
   174  -0.000   0.000  -0.000
   175   0.000  -0.000   0.000
   176  -0.000   0.000   0.000
   177   0.000   0.000   0.000
   178  -0.000  -0.000  -0.000
   179  -0.000  -0.000  -0.000
   180   0.000  -0.000  -0.000
   181  -0.000   0.000   0.000
   182  -0.000   0.000   0.000
   183  -0.000   0.000  -0.000
   184   0.000  -0.000   0.000
   185   0.000   0.000  -0.000
   186  -0.040   0.140  -0.000
   187  -0.000  -0.000  -0.001
   188   0.124   0.036   0.000
   189  -0.000  -0.000  -0.000
   190  -0.000  -0.000  -0.000
   191  -0.010  -0.003   0.000
   192   0.001  -0.004  -0.000
   193  -0.000  -0.000   0.000
   194   0.000  -0.000  -0.000
   195   0.000  -0.000  -0.000
   196  -0.000   0.000   0.000
   197  -0.000   0.000   0.000
   198   0.000  -0.000   0.000
   199  -0.000  -0.000  -0.000
   200   0.128  -0.442  -0.000

