--------------------------------------
     INPUT SECTION
--------------------------------------
File selected:  crh_5_9.out
Number of states selected:  30
Selected states selected:  [1, 2, 3, 4, 5, 6, 7, 8, 9, 10, 11, 12, 13, 14, 15, 16, 17, 18, 19, 20, 21, 22, 23, 24, 25, 26, 27, 28, 29, 30]
 
------------------------
 RAS-CI RESULTS
------------------------
g-factor (x y z dimensions):
-19.063 -19.062 -0.042

------------------------
 EXCITED STATES ANALYSIS
------------------------
Configurations cut-off: 0.5
state config sym  hole  part    unpairedorb amplitude     e    socc     lk   s2
    1      1 1A1  0.01  0.63 11,12,13,14,15       1.0   0.0     0.0    0.0 8.75
    2      1 1B1  0.02 99.98 11,12,14,15,24      0.54 1.465 320.725   1.17 8.75
    2      2 1B1  0.02 99.98 11,12,14,15,16      0.53 1.465 320.725   1.17 8.75
    2      3 1B1  0.02 99.98 11,13,14,15,24      0.39 1.465 320.725   1.17 8.75
    2      4 1B1  0.02 99.98 11,13,14,15,16      0.38 1.465 320.725   1.17 8.75
    3      1 2B1  0.02 99.98 11,13,14,15,24      0.54 1.465 320.725   1.17 8.75
    3      2 2B1  0.02 99.98 11,13,14,15,16      0.53 1.465 320.725   1.17 8.75
    3      3 2B1  0.02 99.98 11,12,14,15,24      0.39 1.465 320.725   1.17 8.75
    3      4 2B1  0.02 99.98 11,12,14,15,16      0.38 1.465 320.725   1.17 8.75
    7      1 3B1   0.0 99.81 12,13,14,15,18       0.9 4.211 100.116  0.345 8.75
    8      1 1B2   0.0 99.81 12,13,14,15,19       0.9 4.211 100.116 -0.345 8.75
   14      1 2B2  0.02 99.96 12,13,14,15,22      0.77 6.892   6.584  0.201 8.75
   14      2 2B2  0.02 99.96 12,13,14,15,23      0.53 6.892   6.584  0.201 8.75
   15      1 3B2  0.02 99.96 12,13,14,15,23      0.77 6.892   6.584 -0.201 8.75
   15      2 3B2  0.02 99.96 12,13,14,15,22      0.53 6.892   6.584 -0.201 8.75
   18      1 5B2  0.17 99.11 11,12,13,15,18      0.48 7.634   28.86  0.086 8.75
   18      2 5B2  0.17 99.11 11,12,13,14,19      0.48 7.634   28.86  0.086 8.75
   18      3 5B2  0.17 99.11 11,12,13,15,19      0.43 7.634   28.86  0.086 8.75
   18      4 5B2  0.17 99.11 11,12,13,14,18      0.43 7.634   28.86  0.086 8.75
   19      1 6B2  0.17 99.11 11,12,13,15,19      0.48 7.634   28.86  0.086 8.75
   19      2 6B2  0.17 99.11 11,12,13,14,18      0.48 7.634   28.86  0.086 8.75
   19      3 6B2  0.17 99.11 11,12,13,15,18      0.43 7.634   28.86  0.086 8.75
   19      4 6B2  0.17 99.11 11,12,13,14,19      0.43 7.634   28.86  0.086 8.75
   24      1 7B2 99.53  0.47 10,11,12,14,15      0.94 9.878  59.241  0.534 8.75
   25      1 8B2 99.53  0.47 10,11,13,14,15      0.94 9.878   59.24  0.534 8.75

States multiplicity: 
- 0 Singlet states:  []
- 0 Doublet states:  []
- 0 Triplet states:  []
- 0 Quartet states:  []
- 0 Quintet states:  []
 
------------------------
 IMPROVED ACTIVE SPACE 
------------------------
Initial active space (HOMO = 15 ): [ 5 , 9 ] ; [11, 12, 13, 14, 15, 32, 33, 39, 40]
Final active space (HOMO = 15 ): [ 7 , 12 ] ; [10, 11, 12, 13, 14, 15, 16, 18, 19, 22, 23, 24]
 
--------------------------------
 SUM-OVER-STATE ANALYSIS
--------------------------------
 state      gxx      gyy  gzz
     1    0.000    0.000  0.0
     2   90.982 -126.995  0.0
     3 -126.995  -90.982  0.0
     4    0.000    0.000  0.0
     5    0.000   -0.000 -0.0
     6    0.000   -0.000 -0.0
     7   -4.068    1.009 -0.0
     8    1.009    4.068  0.0
     9   -0.000    0.000  0.0
    10   -0.000   -0.000  0.0
    11    0.000    0.000  0.0
    12   -0.000   -0.000 -0.0
    13   -0.000    0.000 -0.0
    14   -0.095    0.066  0.0
    15    0.066    0.095 -0.0
    16   -0.000    0.000  0.0
    17   -0.000    0.000  0.0
    18   -0.161   -0.145  0.0
    19    0.145   -0.161 -0.0
    20   -0.000   -0.000 -0.0
    21   -0.000    0.000 -0.0
    22    0.000   -0.000  0.0
    23   -0.000    0.000  0.0
    24   -0.561   -1.587  0.0
    25   -1.587    0.561  0.0
    26    0.000    0.000 -0.0
    27    0.000   -0.000 -0.0
    28   -0.000   -0.000  0.0
    29    0.000   -0.000 -0.0
    30   -0.000   -0.000 -0.0

