--------------------------------------
     INPUT SECTION
--------------------------------------
File selected:  mn2_11_21_noholenopart.out
Number of states selected:  30
Selected states selected:  [1, 2, 3, 4, 5, 6, 7, 8, 9, 10, 11, 12, 13, 14, 15, 16, 17, 18, 19, 20, 21, 22, 23, 24, 25, 26, 27, 28, 29, 30]
 
------------------------
 RAS-CI RESULTS
------------------------
g-factor (x y z dimensions):
-0.681 -0.681 -0.0

----------------------
 G-TENSOR ANALYSIS
----------------------
g-shift cut-off: 8.124 8.124 0.0
 
state config. symmetry                     unpaired orb     gxx    gyy  gzz
    1       1     1B1g 20,21,22,23,24,25,26,27,28,29,30      --     --   --
    2       1     1B2g 20,21,22,23,24,25,26,27,28,29,32 -16.248 -0.049  0.0
    3       1     1B3g 20,21,22,23,24,25,26,27,28,29,33  -0.049 16.248 -0.0

-------------------------------
 IMPROVED ACTIVE SPACE BY G-TENSOR
-------------------------------
Initial active space (HOMO = 30 ): [ 11 , 21 ] ; [20, 21, 22, 23, 24, 25, 26, 27, 28, 29, 30, 32, 33, 34, 35, 36, 37, 40, 41, 42, 45]
Final active space (HOMO = 30 ): [ 11 , 13 ] ; [20, 21, 22, 23, 24, 25, 26, 27, 28, 29, 30, 32, 33]
 
------------------------
 EXCITED STATES ANALYSIS
------------------------
Configurations cut-off: 0.5
state config  sym hole part                      unpairedorb amplitude      e    socc     lk    s2
    1      1 1B1g  0.0  0.0 20,21,22,23,24,25,26,27,28,29,30       1.0    0.0     0.0    0.0 35.75
    2      1 1B2g  0.0  0.0 20,21,22,23,24,25,26,27,28,29,32      0.98  3.145 104.882  0.982 35.75
    3      1 1B3g  0.0  0.0 20,21,22,23,24,25,26,27,28,29,33      0.98  3.145 104.882 -0.982 35.75
    9      1 2B3g  0.0  0.0 20,21,22,23,24,25,26,27,28,29,42      0.98  8.892  19.206 -0.246 35.75
   10      1 2B2g  0.0  0.0 20,21,22,23,24,25,26,27,28,29,41      0.98  8.892  19.206 -0.246 35.75
   12      1 3B3g  0.0  0.0 20,21,22,23,24,25,26,27,28,30,33      0.75 11.218  22.753  -0.56 35.75
   12      2 3B3g  0.0  0.0 21,22,23,24,25,26,27,28,29,30,35      0.41 11.218  22.753  -0.56 35.75
   13      1 3B2g  0.0  0.0 20,21,22,23,24,25,26,27,28,30,32      0.75 11.218  22.753   0.56 35.75
   13      2 3B2g  0.0  0.0 21,22,23,24,25,26,27,28,29,30,34      0.41 11.218  22.753   0.56 35.75
   26      1 4B2g  0.0  0.0 20,21,22,23,24,25,27,28,29,30,32      0.53 11.485  15.401 -0.479 35.75
   26      2 4B2g  0.0  0.0 20,21,22,23,24,26,27,28,29,30,33      0.53 11.485  15.401 -0.479 35.75
   26      3 4B2g  0.0  0.0 20,21,22,23,24,25,26,27,28,30,32       0.4 11.485  15.401 -0.479 35.75
   27      1 4B3g  0.0  0.0 20,21,22,23,24,26,27,28,29,30,32      0.53 11.485  15.401  0.479 35.75
   27      2 4B3g  0.0  0.0 20,21,22,23,24,25,27,28,29,30,33      0.53 11.485  15.401  0.479 35.75
   27      3 4B3g  0.0  0.0 20,21,22,23,24,25,26,27,28,30,33       0.4 11.485  15.401  0.479 35.75

States multiplicity: 
- 0 Singlet states:  []
- 0 Doublet states:  []
- 0 Triplet states:  []
- 0 Quartet states:  []
- 0 Quintet states:  []
 
--------------------------------
 IMPROVED ACTIVE SPACE BY SOC AND L
--------------------------------
Initial active space (HOMO = 30 ): [ 11 , 21 ] ; [20, 21, 22, 23, 24, 25, 26, 27, 28, 29, 30, 32, 33, 34, 35, 36, 37, 40, 41, 42, 45]
Final active space (HOMO = 30 ): [ 11 , 17 ] ; [20, 21, 22, 23, 24, 25, 26, 27, 28, 29, 30, 32, 33, 34, 35, 41, 42]
 
--------------------------------
 SUM-OVER-STATE ANALYSIS
--------------------------------
 state     gxx    gyy  gzz
     1   0.000  0.000  0.0
     2 -16.248 -0.049  0.0
     3  -0.049 16.248 -0.0
     4  -0.000  0.000  0.0
     5  -0.000  0.000  0.0
     6  -0.000 -0.000 -0.0
     7   0.000 -0.000 -0.0
     8  -0.000  0.000 -0.0
     9   0.000  0.264  0.0
    10   0.264 -0.000  0.0
    11   0.000  0.000 -0.0
    12   0.004  0.563  0.0
    13  -0.563  0.004 -0.0
    14  -0.000 -0.000 -0.0
    15  -0.000 -0.000  0.0
    16   0.000 -0.000 -0.0
    17   0.000  0.000 -0.0
    18  -0.000  0.000  0.0
    19  -0.000 -0.000 -0.0
    20   0.000 -0.000 -0.0
    21  -0.000 -0.000  0.0
    22   0.000  0.000  0.0
    23   0.000 -0.000  0.0
    24  -0.000 -0.000 -0.0
    25   0.000 -0.000  0.0
    26   0.319 -0.019 -0.0
    27  -0.019 -0.319  0.0
    28  -0.000  0.000  0.0
    29  -0.000  0.000  0.0
    30  -0.000  0.000  0.0

