--------------------------------------
     INPUT SECTION
--------------------------------------
File selected:  mnf_6_10.out
Number of states selected:  30
Selected states selected:  [1, 2, 3, 4, 5, 6, 7, 8, 9, 10, 11, 12, 13, 14, 15, 16, 17, 18, 19, 20, 21, 22, 23, 24, 25, 26, 27, 28, 29, 30]
 
------------------------
 RAS-CI RESULTS
------------------------
g-factor (x y z dimensions):
-1.057 -1.057 -0.001

------------------------
 EXCITED STATES ANALYSIS
------------------------
Configurations cut-off: 0.5
state config sym  hole  part       unpairedorb amplitude      e    socc     lk   s2
    1      1 1A1  0.01  0.27 15,16,17,18,19,20       1.0    0.0     0.0    0.0 12.0
    2      1 1B2  0.02 99.84 15,16,17,18,19,22      0.84  4.881 151.861  -0.56 12.0
    2      2 1B2  0.02 99.84 15,16,18,19,20,22      0.53  4.881 151.861  -0.56 12.0
    3      1 1B1  0.02 99.84 15,16,17,18,19,21      0.84  4.881 151.861  -0.56 12.0
    3      2 1B1  0.02 99.84 15,16,18,19,20,21      0.53  4.881 151.861  -0.56 12.0
    8      1 2B1   0.1 99.85 15,16,17,18,19,27      0.78  9.936  55.489 -0.051 12.0
    8      2 2B1   0.1 99.85 15,16,18,19,20,27      0.59  9.936  55.489 -0.051 12.0
    9      1 2B2   0.1 99.85 15,16,17,18,19,28      0.78  9.936   55.49 -0.051 12.0
    9      2 2B2   0.1 99.85 15,16,18,19,20,28      0.59  9.936   55.49 -0.051 12.0
   10      1 3B2  0.27 99.05 15,16,18,19,20,22      0.82 10.297  35.299  0.085 12.0
   10      2 3B2  0.27 99.05 15,16,17,18,19,22      0.51 10.297  35.299  0.085 12.0
   11      1 3B1  0.27 99.05 15,16,18,19,20,21      0.82 10.297  35.299  0.085 12.0
   11      2 3B1  0.27 99.05 15,16,17,18,19,21      0.51 10.297  35.299  0.085 12.0
   17      1 5B2 94.25  5.71 14,15,16,18,19,20      0.73 11.192   5.033  0.198 12.0
   17      2 5B2 94.25  5.71 14,15,16,17,18,19      0.64 11.192   5.033  0.198 12.0
   18      1 5B1 94.25  5.71 13,15,16,18,19,20      0.73 11.192   5.033 -0.198 12.0
   18      2 5B1 94.25  5.71 13,15,16,17,18,19      0.64 11.192   5.033 -0.198 12.0
   19      1 6B1   5.4 93.94 16,17,18,19,20,21      0.68 11.384  58.304  0.238 12.0
   19      2 6B1   5.4 93.94 15,17,18,19,20,22      0.68 11.384  58.304  0.238 12.0
   20      1 6B2   5.4 93.94 15,17,18,19,20,21      0.68 11.384  58.304  0.238 12.0
   20      2 6B2   5.4 93.94 16,17,18,19,20,22      0.68 11.384  58.304  0.238 12.0
   24      1 7B1  0.08 99.91 15,16,17,19,20,24      0.69 13.646 163.019 -0.287 12.0
   24      2 7B1  0.08 99.91 15,16,17,19,20,23      0.63 13.646 163.019 -0.287 12.0
   25      1 7B2  0.08 99.91 15,16,17,18,20,24      0.69 13.646 163.018 -0.287 12.0
   25      2 7B2  0.08 99.91 15,16,17,18,20,23      0.63 13.646 163.018 -0.287 12.0
   29      1 8B1  0.56 99.44 15,16,17,19,20,23      0.77 15.461  56.701 -0.098 12.0
   29      2 8B1  0.56 99.44 15,16,17,19,20,24      0.59 15.461  56.701 -0.098 12.0
   30      1 8B2  0.56 99.44 15,16,17,18,20,23      0.77 15.461  56.702 -0.098 12.0
   30      2 8B2  0.56 99.44 15,16,17,18,20,24      0.59 15.461  56.702 -0.098 12.0

States multiplicity: 
- 0 Singlet states:  []
- 0 Doublet states:  []
- 0 Triplet states:  []
- 0 Quartet states:  []
- 0 Quintet states:  []
 
------------------------
 IMPROVED ACTIVE SPACE 
------------------------
Initial active space (HOMO = 20 ): [ 6 , 10 ] ; [15, 16, 17, 18, 19, 20, 40, 41, 51, 52]
Final active space (HOMO = 20 ): [ 10 , 14 ] ; [13, 14, 15, 16, 17, 18, 19, 20, 21, 22, 23, 24, 27, 28]
 
--------------------------------
 SUM-OVER-STATE ANALYSIS
--------------------------------
 state    gxx    gyy  gzz
     1  0.000  0.000  0.0
     2 -0.001  8.645  0.0
     3  8.645  0.001 -0.0
     4 -0.000  0.000  0.0
     5 -0.000 -0.000 -0.0
     6 -0.000 -0.000 -0.0
     7  0.000 -0.000  0.0
     8  0.142  0.000  0.0
     9 -0.000  0.142 -0.0
    10  0.000 -0.144 -0.0
    11 -0.144 -0.000  0.0
    12 -0.000  0.000  0.0
    13 -0.000 -0.000 -0.0
    14 -0.000  0.000 -0.0
    15 -0.000 -0.000  0.0
    16 -0.000  0.000 -0.0
    17  0.000 -0.044  0.0
    18  0.044  0.000 -0.0
    19 -0.604 -0.000  0.0
    20  0.000 -0.604  0.0
    21 -0.000 -0.000  0.0
    22  0.000  0.000 -0.0
    23 -0.000 -0.000 -0.0
    24  1.701  0.000 -0.0
    25 -0.000  1.701  0.0
    26  0.000 -0.000 -0.0
    27 -0.000 -0.000 -0.0
    28 -0.000 -0.000  0.0
    29  0.177  0.000 -0.0
    30 -0.000  0.177  0.0

