--------------------------------------
     INPUT SECTION
--------------------------------------
File selected:  mnh_6_10.out
Number of states selected:  30
Selected states selected:  [1, 2, 3, 4, 5, 6, 7, 8, 9, 10, 11, 12, 13, 14, 15, 16, 17, 18, 19, 20, 21, 22, 23, 24, 25, 26, 27, 28, 29, 30]
 
------------------------
 RAS-CI RESULTS
------------------------
g-factor (x y z dimensions):
-1.469 -1.469 -0.001

------------------------
 EXCITED STATES ANALYSIS
------------------------
Configurations cut-off: 0.5
state config sym  hole  part       unpairedorb amplitude      e    socc     lk   s2
    1      1 1A1   0.0  0.27 11,12,13,14,15,16       1.0    0.0     0.0    0.0 12.0
    2      1 1B2   0.0 99.87 11,12,13,14,15,18      0.95  4.051 193.633  -0.65 12.0
    3      1 1B1   0.0 99.87 11,12,13,14,15,17      0.95  4.051 193.633   0.65 12.0
    9      1 2B1  0.01 99.96 11,12,13,14,15,23      0.93  8.435  37.117 -0.231 12.0
   10      1 2B2  0.01 99.96 11,12,13,14,15,24      0.93  8.435  37.117 -0.231 12.0
   11      1 3B2  3.22 96.09 11,12,13,14,16,18      0.92 10.305  39.311 -0.015 12.0
   12      1 3B1  3.22 96.09 11,12,13,14,16,17      0.92 10.305  39.311  0.015 12.0
   13      1 4B2 93.87  6.08 10,11,12,13,15,16      0.97 10.613  44.952  0.417 12.0
   14      1 4B1 93.87  6.08 10,11,12,14,15,16      0.97 10.613  44.952  0.417 12.0
   23      1 6B1   2.8 96.51 12,13,14,15,16,17      0.69 11.144  34.115  0.001 12.0
   23      2 6B1   2.8 96.51 11,13,14,15,16,18      0.69 11.144  34.115  0.001 12.0
   24      1 6B2   2.8 96.51 11,13,14,15,16,17      0.69 11.144  34.115  0.001 12.0
   24      2 6B2   2.8 96.51 12,13,14,15,16,18      0.69 11.144  34.115  0.001 12.0
   29      1 7B2  0.07 99.93 11,12,13,15,16,20      0.94 14.692 177.793  0.084 12.0
   30      1 7B1  0.07 99.93 11,12,14,15,16,20      0.94 14.692 177.793  0.084 12.0

States multiplicity: 
- 0 Singlet states:  []
- 0 Doublet states:  []
- 0 Triplet states:  []
- 0 Quartet states:  []
- 0 Quintet states:  []
 
------------------------
 IMPROVED ACTIVE SPACE 
------------------------
Initial active space (HOMO = 16 ): [ 6 , 10 ] ; [11, 12, 13, 14, 15, 16, 33, 34, 42, 43]
Final active space (HOMO = 16 ): [ 8 , 12 ] ; [10, 11, 12, 13, 14, 15, 16, 17, 18, 20, 23, 24]
 
--------------------------------
 SUM-OVER-STATE ANALYSIS
--------------------------------
 state     gxx    gyy  gzz
     1   0.000  0.000  0.0
     2   0.000 15.405  0.0
     3 -15.405  0.000  0.0
     4  -0.000  0.000  0.0
     5  -0.000 -0.000 -0.0
     6   0.000 -0.000 -0.0
     7  -0.000 -0.000  0.0
     8   0.000  0.000 -0.0
     9   0.503 -0.000 -0.0
    10   0.000  0.503  0.0
    11   0.000  0.028  0.0
    12  -0.028  0.000  0.0
    13  -0.000 -0.876 -0.0
    14  -0.876  0.000 -0.0
    15  -0.000  0.000  0.0
    16   0.000  0.000 -0.0
    17  -0.000  0.000 -0.0
    18   0.000  0.000 -0.0
    19  -0.000 -0.000 -0.0
    20  -0.000 -0.000  0.0
    21   0.000 -0.000 -0.0
    22   0.000  0.000  0.0
    23  -0.001  0.000 -0.0
    24  -0.000 -0.001 -0.0
    25  -0.000 -0.000 -0.0
    26   0.000  0.000  0.0
    27   0.000  0.000 -0.0
    28  -0.000 -0.000  0.0
    29   0.000 -0.504  0.0
    30  -0.504 -0.000 -0.0

