--------------------------------------
     INPUT SECTION
--------------------------------------
File selected:  mno_5_7.out
Number of states selected:  30
Selected states selected:  [1, 2, 3, 4, 5, 6, 7, 8, 9, 10, 11, 12, 13, 14, 15, 16, 17, 18, 19, 20, 21, 22, 23, 24, 25, 26, 27, 28, 29, 30]
 
------------------------
 RAS-CI RESULTS
------------------------
g-factor (x y z dimensions):
-0.322 -0.209 -0.002

------------------------
 EXCITED STATES ANALYSIS
------------------------
Configurations cut-off: 0.5
state config sym  hole  part    unpairedorb amplitude      e    socc     lk   s2
    1      1 1A1  0.03  0.21 15,16,17,18,19       1.0    0.0     0.0    0.0 8.75
    3      1 1B1  0.15 99.85 15,16,17,19,20      0.91  5.369 262.967  0.435 8.75
    4      1 1B2  0.15 99.85 15,16,17,18,20      0.91  5.369 262.966 -0.435 8.75
    8      1 2B1 92.85  7.15 13,15,16,18,19      0.96  8.087  36.544  0.541 8.75
    9      1 2B2 92.85  7.15 14,15,16,18,19      0.96  8.087  36.544 -0.541 8.75
   10      1 3B1 79.58 20.42 12,15,16,17,19      0.86  8.728 118.604 -0.863 8.75
   10      2 3B1 79.58 20.42 15,16,18,19,21      0.44  8.728 118.604 -0.863 8.75
   11      1 3B2 79.58 20.42 12,15,16,17,18      0.86  8.728 118.604 -0.863 8.75
   11      2 3B2 79.58 20.42 15,16,18,19,22      0.44  8.728 118.604 -0.863 8.75
   12      1 4B1 27.54 72.45 15,16,18,19,21      0.83  8.904  25.727  0.464 8.75
   12      2 4B1 27.54 72.45 12,15,16,17,19      0.48  8.904  25.727  0.464 8.75
   13      1 4B2 27.54 72.45 15,16,18,19,22      0.83  8.904  25.726  0.464 8.75
   13      2 4B2 27.54 72.45 12,15,16,17,18      0.48  8.904  25.726  0.464 8.75
   23      1 5B2 98.52  1.48 13,15,17,18,19       0.7 10.329  52.516 -0.461 8.75
   23      2 5B2 98.52  1.48 14,16,17,18,19       0.7 10.329  52.516 -0.461 8.75
   24      1 7B1 98.52  1.48 13,16,17,18,19       0.7 10.329  52.516 -0.461 8.75
   24      2 7B1 98.52  1.48 14,15,17,18,19       0.7 10.329  52.516 -0.461 8.75
   30      1 8B2  1.25 98.73 16,17,18,19,22      0.68 11.645  117.85 -0.189 8.75
   30      2 8B2  1.25 98.73 15,17,18,19,21      0.68 11.645  117.85 -0.189 8.75

States multiplicity: 
- 0 Singlet states:  []
- 0 Doublet states:  []
- 0 Triplet states:  []
- 0 Quartet states:  []
- 0 Quintet states:  []
 
------------------------
 IMPROVED ACTIVE SPACE 
------------------------
Initial active space (HOMO = 19 ): [ 5 , 7 ] ; [15, 16, 17, 18, 19, 52, 53]
Final active space (HOMO = 19 ): [ 11 , 11 ] ; [12, 13, 14, 15, 16, 17, 18, 19, 20, 21, 22]
 
--------------------------------
 SUM-OVER-STATE ANALYSIS
--------------------------------
 state     gxx    gyy  gzz
     1   0.000  0.000  0.0
     2   0.000  0.000 -0.0
     3 -10.570  0.155 -0.0
     4   0.155 10.570 -0.0
     5  -0.000 -0.000 -0.0
     6   0.000 -0.000  0.0
     7   0.000  0.000  0.0
     8  -1.213  0.023  0.0
     9   0.023  1.213  0.0
    10   5.819 -0.096  0.0
    11   0.096  5.819 -0.0
    12  -0.666  0.010 -0.0
    13  -0.010 -0.666  0.0
    14  -0.000 -0.000  0.0
    15  -0.000  0.000  0.0
    16  -0.000 -0.000  0.0
    17   0.000 -0.000 -0.0
    18   0.000 -0.000 -0.0
    19  -0.000  0.000 -0.0
    20   0.000  0.000  0.0
    21   0.000 -0.000 -0.0
    22  -0.000 -0.000  0.0
    23   0.016  1.163 -0.0
    24   1.163 -0.016  0.0
    25   0.000 -0.000 -0.0
    26  -0.000 -0.000 -0.0
    27   0.000  0.000 -0.0
    28   0.000 -0.000 -0.0
    29  -0.000 -0.000  0.0
    30   0.020  0.950 -0.0

