--------------------------------------
     INPUT SECTION
--------------------------------------
File selected:  seo_4_3.out
Number of states selected:  200
Selected states selected:  [1, 2, 3, 4, 5, 6, 7, 8, 9, 10, 11, 12, 13, 14, 15, 16, 17, 18, 19, 20, 21, 22, 23, 24, 25, 26, 27, 28, 29, 30, 31, 32, 33, 34, 35, 36, 37, 38, 39, 40, 41, 42, 43, 44, 45, 46, 47, 48, 49, 50, 51, 52, 53, 54, 55, 56, 57, 58, 59, 60, 61, 62, 63, 64, 65, 66, 67, 68, 69, 70, 71, 72, 73, 74, 75, 76, 77, 78, 79, 80, 81, 82, 83, 84, 85, 86, 87, 88, 89, 90, 91, 92, 93, 94, 95, 96, 97, 98, 99, 100, 101, 102, 103, 104, 105, 106, 107, 108, 109, 110, 111, 112, 113, 114, 115, 116, 117, 118, 119, 120, 121, 122, 123, 124, 125, 126, 127, 128, 129, 130, 131, 132, 133, 134, 135, 136, 137, 138, 139, 140, 141, 142, 143, 144, 145, 146, 147, 148, 149, 150, 151, 152, 153, 154, 155, 156, 157, 158, 159, 160, 161, 162, 163, 164, 165, 166, 167, 168, 169, 170, 171, 172, 173, 174, 175, 176, 177, 178, 179, 180, 181, 182, 183, 184, 185, 186, 187, 188, 189, 190, 191, 192, 193, 194, 195, 196, 197, 198, 199, 200]
 
------------------------
 RAS-CI RESULTS
------------------------
g-factor (x y z dimensions):
22.01 22.545 -0.1

------------------------
 EXCITED STATES ANALYSIS
------------------------
Configurations cut-off: 0.5
state config  sym  hole  part unpairedorb amplitude      e    socc     lk  s2
    1      1  1A2 17.57  5.64       20,22      0.88    0.0     0.0    0.0 2.0
    2      1  1A1 99.86  0.14       19,22      0.94  3.005 317.766  0.052 2.0
    4      1  2A1 99.88  0.12       18,20      0.94  3.182 785.412  0.025 2.0
    5      1  1B2  0.01  0.28       21,22       1.0  4.661 684.784 -1.111 2.0
    6      1  1B1  0.22  0.76       20,21       1.0  4.722  697.29  1.077 2.0
    9      1  2B2  0.66 99.33       22,23      0.95  9.091 548.927 -0.576 2.0
   12      1  3A1  0.09 99.91       21,23      0.72  9.289    1.02 -0.001 2.0
   12      2  3A1  0.09 99.91       21,23      0.62  9.289    1.02 -0.001 2.0
   13      1  2B1  0.84 99.16       20,23      0.95  9.382 569.209  0.586 2.0
   15      1  3B1  95.4  4.45       18,21      0.96  11.26 222.627 -0.248 2.0
   16      1  3B2 96.06  3.94       19,21      0.97 11.284 188.154  0.208 2.0
   18      1  4B1 61.01 38.89       17,20      0.77 13.579  95.283   0.33 2.0
   18      2  4B1 61.01 38.89       22,28       0.4 13.579  95.283   0.33 2.0
   19      1  4B2 60.26 39.67       17,22      0.76  13.64 114.758  0.352 2.0
   19      2  4B2 60.26 39.67       22,27      0.41  13.64 114.758  0.352 2.0
   23      1  5B1  0.28 99.72       22,28      0.72 14.835  11.401   0.04 2.0
   23      2  5B1  0.28 99.72       20,27      0.67 14.835  11.401   0.04 2.0
   24      1  5B2  0.52 99.48       22,27      0.71 14.836  18.283 -0.036 2.0
   24      2  5B2  0.52 99.48       20,28      0.68 14.836  18.283 -0.036 2.0
   28      1  7B2  0.01 99.99       22,26       0.9  15.36 433.345 -0.071 2.0
   30      1  7A1   0.0 100.0       22,24      0.82 15.544 237.098  0.008 2.0
   30      2  7A1   0.0 100.0       20,25      0.45 15.544 237.098  0.008 2.0
   31      1  7B1  0.02 99.97       20,26      0.84 15.594 428.505  0.018 2.0
   32      1  8B2  0.11 99.87 20,21,22,25      0.71 15.681  90.359  0.339 2.0
   32      2  8B2  0.11 99.87 20,21,22,25      0.44 15.681  90.359  0.339 2.0
   32      3  8B2  0.11 99.87 20,21,22,25      0.36 15.681  90.359  0.339 2.0
   35      1  8B1  0.09 99.74 20,21,22,24       0.7 15.762  23.563 -0.352 2.0
   35      2  8B1  0.09 99.74 20,21,22,24      0.39 15.762  23.563 -0.352 2.0
   35      3  8B1  0.09 99.74 20,21,22,24      0.36 15.762  23.563 -0.352 2.0
   37      1  9A1   0.0 100.0       20,25      0.86 15.986 921.731  0.002 2.0
   37      2  9A1   0.0 100.0       22,24      0.46 15.986 921.731  0.002 2.0
   38      1  9B2  0.04 99.96 20,21,22,25       0.7 16.209 471.853 -0.179 2.0
   38      2  9B2  0.04 99.96 20,21,22,25      0.59 16.209 471.853 -0.179 2.0
   39      1  9B1  0.03 99.96 20,21,22,24       0.7 16.294  494.11  0.173 2.0
   39      2  9B1  0.03 99.96 20,21,22,24      0.57 16.294  494.11  0.173 2.0
   41      1 10B2 10.21 89.75       20,28      0.52 16.573  80.133 -0.656 2.0
   41      2 10B2 10.21 89.75       22,27      0.44 16.573  80.133 -0.656 2.0
   41      3 10B2 10.21 89.75       22,23      0.44 16.573  80.133 -0.656 2.0
   41      4 10B2 10.21 89.75 20,21,22,30       0.3 16.573  80.133 -0.656 2.0
   41      5 10B2 10.21 89.75       17,22      0.29 16.573  80.133 -0.656 2.0
   41      6 10B2 10.21 89.75 20,21,22,30      0.27 16.573  80.133 -0.656 2.0
   43      1 10A1  0.03 99.97       21,26      0.49 16.665  33.447 -0.001 2.0
   43      2 10A1  0.03 99.97 20,21,22,28      0.47 16.665  33.447 -0.001 2.0
   43      3 10A1  0.03 99.97       21,27      0.45 16.665  33.447 -0.001 2.0
   43      4 10A1  0.03 99.97       21,26      0.39 16.665  33.447 -0.001 2.0
   43      5 10A1  0.03 99.97 20,21,22,28      0.31 16.665  33.447 -0.001 2.0
   45      1 10B1 11.98 87.98       20,27      0.51 16.717   81.54 -0.685 2.0
   45      2 10B1 11.98 87.98       22,28      0.45 16.717   81.54 -0.685 2.0
   45      3 10B1 11.98 87.98       20,23      0.37 16.717   81.54 -0.685 2.0
   45      4 10B1 11.98 87.98       17,20      0.32 16.717   81.54 -0.685 2.0
   45      5 10B1 11.98 87.98 20,21,22,29      0.31 16.717   81.54 -0.685 2.0
   45      6 10B1 11.98 87.98 20,21,22,29       0.3 16.717   81.54 -0.685 2.0
   47      1 11A1  0.02 99.98       21,27      0.54 16.743  19.555 -0.001 2.0
   47      2 11A1  0.02 99.98 20,21,22,28      0.54 16.743  19.555 -0.001 2.0
   47      3 11A1  0.02 99.98       21,27      0.36 16.743  19.555 -0.001 2.0
   47      4 11A1  0.02 99.98 20,21,22,28      0.32 16.743  19.555 -0.001 2.0
   48      1 11B2  0.01 99.98       21,24      0.53 16.751  15.689  0.018 2.0
   48      2 11B2  0.01 99.98 20,21,22,25      0.51 16.751  15.689  0.018 2.0
   48      3 11B2  0.01 99.98 20,21,22,25      0.48 16.751  15.689  0.018 2.0
   48      4 11B2  0.01 99.98       21,24      0.45 16.751  15.689  0.018 2.0
   49      1 11B1  0.03 99.95       21,25      0.53 16.752  15.972  0.037 2.0
   49      2 11B1  0.03 99.95 20,21,22,24       0.5 16.752  15.972  0.037 2.0
   49      3 11B1  0.03 99.95 20,21,22,24      0.48 16.752  15.972  0.037 2.0
   49      4 11B1  0.03 99.95       21,25      0.47 16.752  15.972  0.037 2.0
   53      1 12A1  0.02 99.98       21,26      0.45  17.52  18.108  0.002 2.0
   53      2 12A1  0.02 99.98       21,27      0.39  17.52  18.108  0.002 2.0
   53      3 12A1  0.02 99.98 20,21,22,28      0.39  17.52  18.108  0.002 2.0
   53      4 12A1  0.02 99.98       21,26      0.39  17.52  18.108  0.002 2.0
   53      5 12A1  0.02 99.98       21,27      0.37  17.52  18.108  0.002 2.0
   53      6 12A1  0.02 99.98 20,21,22,28      0.28  17.52  18.108  0.002 2.0
   54      1 13B2  5.28 94.72 20,21,22,25      0.51 17.578 222.437  0.159 2.0
   54      2 13B2  5.28 94.72       21,24      0.47 17.578 222.437  0.159 2.0
   54      3 13B2  5.28 94.72       22,23      0.43 17.578 222.437  0.159 2.0
   54      4 13B2  5.28 94.72 20,21,22,25      0.35 17.578 222.437  0.159 2.0
   55      1 13B1  2.78 97.19 20,21,22,24      0.57  17.68 262.243  -0.13 2.0
   55      2 13B1  2.78 97.19       21,25      0.46  17.68 262.243  -0.13 2.0
   55      3 13B1  2.78 97.19 20,21,22,24      0.39  17.68 262.243  -0.13 2.0
   55      4 13B1  2.78 97.19       20,23      0.35  17.68 262.243  -0.13 2.0
   58      1 14B1  0.45 99.49       21,25      0.78 18.179  102.53  -0.01 2.0
   58      2 14B1  0.45 99.49       21,25      0.47 18.179  102.53  -0.01 2.0
   59      1 14B2  0.98 99.02       21,29       0.5 18.191 177.236 -0.037 2.0
   59      2 14B2  0.98 99.02 20,21,22,30       0.5 18.191 177.236 -0.037 2.0
   59      3 14B2  0.98 99.02       22,23       0.4 18.191 177.236 -0.037 2.0
   59      4 14B2  0.98 99.02 20,21,22,30      0.28 18.191 177.236 -0.037 2.0
   59      5 14B2  0.98 99.02       21,24      0.27 18.191 177.236 -0.037 2.0
   59      6 14B2  0.98 99.02 20,21,22,25      0.26 18.191 177.236 -0.037 2.0
   60      1 15B2   0.7  99.3       21,24      0.74 18.291 106.619 -0.013 2.0
   61      1 15B1  0.14 99.84 20,21,22,29      0.65 18.305  59.082 -0.058 2.0
   61      2 15B1  0.14 99.84       21,30      0.52 18.305  59.082 -0.058 2.0
   61      3 15B1  0.14 99.84 20,21,22,29      0.38 18.305  59.082 -0.058 2.0
   63      1 14A1  0.04 99.96       22,29      0.82 18.444  22.064  0.007 2.0
   63      2 14A1  0.04 99.96       20,30      0.49 18.444  22.064  0.007 2.0
   65      1 16B2  2.97 97.02       21,24      0.48 18.452 142.695 -0.039 2.0
   65      2 16B2  2.97 97.02       22,23       0.4 18.452 142.695 -0.039 2.0
   65      3 16B2  2.97 97.02 20,21,22,30      0.35 18.452 142.695 -0.039 2.0
   65      4 16B2  2.97 97.02       21,24      0.35 18.452 142.695 -0.039 2.0
   65      5 16B2  2.97 97.02 20,21,22,30      0.31 18.452 142.695 -0.039 2.0
   65      6 16B2  2.97 97.02 20,21,22,30      0.26 18.452 142.695 -0.039 2.0
   66      1 16B1  3.53 96.47       20,23      0.58 18.623  191.33 -0.014 2.0
   66      2 16B1  3.53 96.47       21,25      0.36 18.623  191.33 -0.014 2.0
   66      3 16B1  3.53 96.47 20,21,22,29      0.35 18.623  191.33 -0.014 2.0
   66      4 16B1  3.53 96.47 20,21,22,29      0.33 18.623  191.33 -0.014 2.0
   67      1 15A1  0.97 99.03       20,30      0.82 18.824  56.151  0.001 2.0
   67      2 15A1  0.97 99.03       22,29      0.48 18.824  56.151  0.001 2.0
   68      1 17B2  0.01 99.99       21,29      0.52 19.012   0.938  0.005 2.0
   68      2 17B2  0.01 99.99 20,21,22,30       0.5 19.012   0.938  0.005 2.0
   68      3 17B2  0.01 99.99 20,21,22,30       0.5 19.012   0.938  0.005 2.0
   68      4 17B2  0.01 99.99       21,29      0.46 19.012   0.938  0.005 2.0
   69      1 17B1  0.02 99.98       21,30      0.52 19.014   3.832  0.003 2.0
   69      2 17B1  0.02 99.98       21,30       0.5 19.014   3.832  0.003 2.0
   69      3 17B1  0.02 99.98 20,21,22,29      0.49 19.014   3.832  0.003 2.0
   69      4 17B1  0.02 99.98 20,21,22,29      0.46 19.014   3.832  0.003 2.0
   70      1 18B2 10.48 89.51 20,21,22,30      0.69 19.179  60.481 -0.028 2.0
   70      2 18B2 10.48 89.51 20,21,22,30      0.47 19.179  60.481 -0.028 2.0
   71      1 18B1 10.89  89.1 20,21,22,29      0.68 19.269  61.075  0.033 2.0
   71      2 18B1 10.89  89.1 20,21,22,29      0.48 19.269  61.075  0.033 2.0
   72      1 16A1  0.01 99.99       21,27      0.56 19.456   0.357  0.001 2.0
   72      2 16A1  0.01 99.99 20,21,22,28       0.5 19.456   0.357  0.001 2.0
   72      3 16A1  0.01 99.99       21,27      0.49 19.456   0.357  0.001 2.0
   76      1 19B2  0.26 99.73       22,32      0.85 20.273 479.461  0.324 2.0
   79      1 19B1   0.1  99.9       21,30      0.71 20.416 258.971  0.191 2.0
   79      2 19B1   0.1  99.9       20,32      0.48 20.416 258.971  0.191 2.0
   81      1 18A1   0.0 100.0       21,32      0.71 20.481   1.232 -0.001 2.0
   81      2 18A1   0.0 100.0       21,32       0.6 20.481   1.232 -0.001 2.0
   82      1 20B2  0.02 99.98       21,29      0.81 20.664 218.101  0.092 2.0
   83      1 20B1  0.14 99.85       20,32      0.78  20.72 480.595 -0.259 2.0
   83      2 20B1  0.14 99.85       21,30      0.43  20.72 480.595 -0.259 2.0
   87      1 21B2 10.63 89.37       21,29      0.48 22.048  60.472  0.141 2.0
   87      2 21B2 10.63 89.37 20,21,22,30      0.46 22.048  60.472  0.141 2.0
   87      3 21B2 10.63 89.37 20,21,22,30      0.43 22.048  60.472  0.141 2.0
   87      4 21B2 10.63 89.37       22,23       0.4 22.048  60.472  0.141 2.0
   87      5 21B2 10.63 89.37       16,22      0.24 22.048  60.472  0.141 2.0
   90      1 21B1 10.68  89.3       21,30      0.48 22.269   79.06 -0.143 2.0
   90      2 21B1 10.68  89.3 20,21,22,29      0.45 22.269   79.06 -0.143 2.0
   90      3 21B1 10.68  89.3 20,21,22,29      0.43 22.269   79.06 -0.143 2.0
   90      4 21B1 10.68  89.3       20,23      0.42 22.269   79.06 -0.143 2.0
   93      1 22B2 25.84 74.16       22,31      0.64 23.773 448.246 -0.369 2.0
   93      2 22B2 25.84 74.16       16,22       0.5 23.773 448.246 -0.369 2.0
   93      3 22B2 25.84 74.16       22,35      0.42 23.773 448.246 -0.369 2.0
   94      1 22B1 42.47 57.53       16,20      0.64  24.08 452.455  0.386 2.0
   94      2 22B1 42.47 57.53       20,31      0.55  24.08 452.455  0.386 2.0
   94      3 22B1 42.47 57.53       20,35      0.37  24.08 452.455  0.386 2.0
   95      1 23B2 61.11 38.89       16,22      0.74 24.395  69.057  0.221 2.0
   95      2 23B2 61.11 38.89       22,31      0.41 24.395  69.057  0.221 2.0
   96      1 23B1 45.02 54.98       16,20      0.63 24.607 151.662  0.148 2.0
   96      2 23B1 45.02 54.98       20,31      0.51 24.607 151.662  0.148 2.0
   96      3 23B1 45.02 54.98       20,35      0.33 24.607 151.662  0.148 2.0
  101      1 25B2  1.95 98.05 20,21,22,34      0.79 25.457  67.359  0.399 2.0
  101      2 25B2  1.95 98.05 20,21,22,34      0.41 25.457  67.359  0.399 2.0
  102      1 25B1  1.71 98.28 20,21,22,33       0.8 25.509  75.831 -0.399 2.0
  102      2 25B1  1.71 98.28 20,21,22,33      0.42 25.509  75.831 -0.399 2.0
  104      1 26B2  0.49 99.51       22,27      0.77 25.955   8.696  0.019 2.0
  104      2 26B2  0.49 99.51       22,26      0.51 25.955   8.696  0.019 2.0
  107      1 26B1  0.25 99.74       22,28      0.92 26.043   2.089  0.037 2.0
  108      1 27B2  0.37 99.63 20,21,22,34      0.72 26.184  60.547 -0.292 2.0
  108      2 27B2  0.37 99.63 20,21,22,34      0.53 26.184  60.547 -0.292 2.0
  109      1 27B1   0.4  99.6 20,21,22,33      0.76 26.242  62.758  0.334 2.0
  109      2 27B1   0.4  99.6 20,21,22,33      0.44 26.242  62.758  0.334 2.0
  110      1 28B2  1.28 98.72       22,26      0.48  26.33  49.892 -0.252 2.0
  110      2 28B2  1.28 98.72       22,27      0.47  26.33  49.892 -0.252 2.0
  110      3 28B2  1.28 98.72 20,21,22,34      0.43  26.33  49.892 -0.252 2.0
  110      4 28B2  1.28 98.72 20,21,22,34       0.4  26.33  49.892 -0.252 2.0
  110      5 28B2  1.28 98.72       20,28       0.3  26.33  49.892 -0.252 2.0
  111      1 28B1  0.61 99.39       21,34      0.57  26.45  48.495  0.141 2.0
  111      2 28B1  0.61 99.39       20,27      0.47  26.45  48.495  0.141 2.0
  111      3 28B1  0.61 99.39       21,34      0.35  26.45  48.495  0.141 2.0
  111      4 28B1  0.61 99.39       20,26      0.32  26.45  48.495  0.141 2.0
  112      1 29B2  0.09 99.91       21,33      0.54 26.489   0.544 -0.035 2.0
  112      2 29B2  0.09 99.91       21,33       0.5 26.489   0.544 -0.035 2.0
  112      3 29B2  0.09 99.91 20,21,22,34      0.47 26.489   0.544 -0.035 2.0
  112      4 29B2  0.09 99.91 20,21,22,34      0.42 26.489   0.544 -0.035 2.0
  113      1 29B1  0.28 99.71 20,21,22,33      0.65  26.49  32.309  0.074 2.0
  113      2 29B1  0.28 99.71 20,21,22,33      0.52  26.49  32.309  0.074 2.0
  117      1 30B1  0.76 99.23       20,27      0.78 26.628   34.16 -0.037 2.0
  118      1 30B2  0.69 99.31       20,28      0.86 26.636  28.076 -0.047 2.0
  120      1 31B2  1.14 98.86       22,26      0.51 27.001  53.418 -0.145 2.0
  120      2 31B2  1.14 98.86 20,21,22,34      0.46 27.001  53.418 -0.145 2.0
  120      3 31B2  1.14 98.86       21,33      0.43 27.001  53.418 -0.145 2.0
  120      4 31B2  1.14 98.86       20,28      0.31 27.001  53.418 -0.145 2.0
  120      5 31B2  1.14 98.86       21,33      0.28 27.001  53.418 -0.145 2.0
  121      1 31B1  2.27 97.73       20,26      0.71 27.204  25.638  0.178 2.0
  121      2 31B1  2.27 97.73 20,21,22,33      0.36 27.204  25.638  0.178 2.0
  121      3 31B1  2.27 97.73       21,34      0.36 27.204  25.638  0.178 2.0
  125      1 32B2  0.06 99.94       21,33      0.64 27.717   8.938  0.014 2.0
  125      2 32B2  0.06 99.94       21,33       0.6 27.717   8.938  0.014 2.0
  125      3 32B2  0.06 99.94       22,31      0.39 27.717   8.938  0.014 2.0
  126      1 32B1  0.14 99.86       21,34      0.78  27.78   20.61  0.021 2.0
  126      2 32B1  0.14 99.86       21,34      0.55  27.78   20.61  0.021 2.0
  129      1 33B2  0.93 99.07       22,31      0.81 28.013  71.573  0.065 2.0
  130      1 33B1  0.75 99.25       20,31      0.89 28.287  82.202 -0.046 2.0
  131      1 34B2   4.4  95.6       22,32      0.92 28.922  26.526  -0.16 2.0
  132      1 35B2  0.06 99.93       22,35      0.82 29.306   1.307 -0.195 2.0
  132      2 35B2  0.06 99.93       22,31      0.52 29.306   1.307 -0.195 2.0
  133      1 34B1  4.19  95.8       20,32      0.91 29.379  24.662  0.149 2.0
  134      1 35B1  0.05 99.94       20,35      0.82  29.79   1.408  0.181 2.0
  134      2 35B1  0.05 99.94       20,31      0.53  29.79   1.408  0.181 2.0
  135      1 28A1  0.02 99.98       22,33      0.95 29.883  49.666  0.002 2.0
  137      1 29A1  0.92 99.08       20,34      0.93 30.335  66.832  0.001 2.0
  148      1 36B2   0.3  99.7       22,35      0.97 33.543   28.68 -0.028 2.0
  149      1 36B1  0.29 99.71       20,35      0.97  33.93  27.332  0.031 2.0
  152      1 37B2   0.0 100.0       22,36      0.95 35.144 539.964  -0.27 2.0
  153      1 37B1   0.0 100.0       20,36      0.94 35.579 560.385  0.243 2.0
  156      1 39B2  0.01 99.99       22,39      0.77 39.172    3.11 -0.019 2.0
  156      2 39B2  0.01 99.99       20,40      0.57 39.172    3.11 -0.019 2.0
  157      1 39B1  0.01 99.99       22,40      0.77 39.175   2.489  0.017 2.0
  157      2 39B1  0.01 99.99       20,39      0.58 39.175   2.489  0.017 2.0
  160      1 40B2  0.15 99.85       20,40      0.52 39.713   6.133 -0.195 2.0
  160      2 40B2  0.15 99.85 20,21,22,38       0.5 39.713   6.133 -0.195 2.0
  160      3 40B2  0.15 99.85 20,21,22,38      0.48 39.713   6.133 -0.195 2.0
  160      4 40B2  0.15 99.85       22,39      0.34 39.713   6.133 -0.195 2.0
  160      5 40B2  0.15 99.85       21,37      0.31 39.713   6.133 -0.195 2.0
  161      1 40B1  0.19 99.81       20,39      0.53 39.759   7.481 -0.199 2.0
  161      2 40B1  0.19 99.81 20,21,22,37       0.5 39.759   7.481 -0.199 2.0
  161      3 40B1  0.19 99.81 20,21,22,37      0.45 39.759   7.481 -0.199 2.0
  161      4 40B1  0.19 99.81       22,40      0.37 39.759   7.481 -0.199 2.0
  161      5 40B1  0.19 99.81       21,38      0.31 39.759   7.481 -0.199 2.0
  162      1 41B2  0.23 99.77       20,40      0.51 40.186  31.416 -0.104 2.0
  162      2 41B2  0.23 99.77 20,21,22,38      0.45 40.186  31.416 -0.104 2.0
  162      3 41B2  0.23 99.77       21,37      0.41 40.186  31.416 -0.104 2.0
  162      4 41B2  0.23 99.77       22,39       0.4 40.186  31.416 -0.104 2.0
  162      5 41B2  0.23 99.77 20,21,22,38      0.38 40.186  31.416 -0.104 2.0
  163      1 41B1   0.2 99.79 20,21,22,37      0.53 40.224  28.232 -0.111 2.0
  163      2 41B1   0.2 99.79       20,39      0.48 40.224  28.232 -0.111 2.0
  163      3 41B1   0.2 99.79       22,40       0.4 40.224  28.232 -0.111 2.0
  163      4 41B1   0.2 99.79 20,21,22,37       0.4 40.224  28.232 -0.111 2.0
  163      5 41B1   0.2 99.79       21,38      0.34 40.224  28.232 -0.111 2.0
  165      1 36A1   0.0 100.0 20,21,22,40      0.59 40.573   3.681  0.001 2.0
  165      2 36A1   0.0 100.0       22,37      0.58 40.573   3.681  0.001 2.0
  165      3 36A1   0.0 100.0       20,38      0.39 40.573   3.681  0.001 2.0
  166      1 42B2  0.01 99.99 20,21,22,38      0.51 40.714   5.373   0.04 2.0
  166      2 42B2  0.01 99.99       21,37       0.5 40.714   5.373   0.04 2.0
  166      3 42B2  0.01 99.99 20,21,22,38      0.48 40.714   5.373   0.04 2.0
  166      4 42B2  0.01 99.99       21,37      0.44 40.714   5.373   0.04 2.0
  167      1 42B1   0.0 100.0 20,21,22,37      0.52 40.718   1.583 -0.037 2.0
  167      2 42B1   0.0 100.0       21,38      0.51 40.718   1.583 -0.037 2.0
  167      3 42B1   0.0 100.0       21,38      0.47 40.718   1.583 -0.037 2.0
  167      4 42B1   0.0 100.0 20,21,22,37      0.44 40.718   1.583 -0.037 2.0
  169      1 37A1   0.0 100.0 20,21,22,40      0.59 40.749   4.859 -0.001 2.0
  169      2 37A1   0.0 100.0       22,37      0.54 40.749   4.859 -0.001 2.0
  169      3 37A1   0.0 100.0 20,21,22,40      0.44 40.749   4.859 -0.001 2.0
  170      1 43B2  0.38 99.62       22,36      0.87 40.814  32.718  0.192 2.0
  171      1 44B2  0.34 99.66 20,21,22,38      0.67 40.967  19.554  0.276 2.0
  171      2 44B2  0.34 99.66 20,21,22,38      0.46 40.967  19.554  0.276 2.0
  171      3 44B2  0.34 99.66       22,36      0.35 40.967  19.554  0.276 2.0
  171      4 44B2  0.34 99.66       21,37      0.34 40.967  19.554  0.276 2.0
  172      1 43B1  0.54 99.46 20,21,22,37      0.72 40.981   2.281 -0.339 2.0
  174      1 44B1  0.19 99.81       20,36       0.9 41.253  36.246 -0.029 2.0
  180      1 45B2  0.24 99.76 20,21,22,38      0.63 41.917  38.543 -0.219 2.0
  180      2 45B2  0.24 99.76 20,21,22,38      0.48 41.917  38.543 -0.219 2.0
  180      3 45B2  0.24 99.76       21,37      0.44 41.917  38.543 -0.219 2.0
  183      1 45B1  0.28 99.71 20,21,22,37       0.6 42.046  33.879  0.207 2.0
  183      2 45B1  0.28 99.71 20,21,22,37       0.5 42.046  33.879  0.207 2.0
  183      3 45B1  0.28 99.71       21,38      0.33 42.046  33.879  0.207 2.0
  183      4 45B1  0.28 99.71       20,36      0.32 42.046  33.879  0.207 2.0
  184      1 46B1  0.05 99.95       21,38      0.79 42.237  23.366  0.022 2.0
  184      2 46B1  0.05 99.95       21,38      0.53 42.237  23.366  0.022 2.0
  185      1 46B2  0.01 99.99       21,37      0.87 42.342  13.849 -0.013 2.0
  189      1 47B2  0.08 99.92       22,41      0.94 43.115  56.544  0.063 2.0
  190      1 47B1  0.09 99.91       20,41      0.94 43.359  60.751  -0.05 2.0
  193      1 48B2   0.0 100.0       22,42      0.82 43.701   5.925 -0.113 2.0
  193      2 48B2   0.0 100.0       20,43      0.47 43.701   5.925 -0.113 2.0
  194      1 48B1   0.0 100.0       22,43      0.81 43.704   3.936  0.107 2.0
  194      2 48B1   0.0 100.0       20,42      0.48 43.704   3.936  0.107 2.0
  198      1 45A1   0.0 100.0 20,21,22,43      0.54 43.929   2.129  0.001 2.0
  198      2 45A1   0.0 100.0       20,45       0.4 43.929   2.129  0.001 2.0
  198      3 45A1   0.0 100.0       22,46      0.38 43.929   2.129  0.001 2.0
  198      4 45A1   0.0 100.0       20,47      0.33 43.929   2.129  0.001 2.0
  198      5 45A1   0.0 100.0 20,21,22,43      0.31 43.929   2.129  0.001 2.0
  198      6 45A1   0.0 100.0 20,21,22,43      0.28 43.929   2.129  0.001 2.0

States multiplicity: 
- 0 Singlet states:  []
- 0 Doublet states:  []
- 179 Triplet states:  [1, 2, 3, 4, 5, 6, 7, 9, 10, 11, 12, 13, 14, 15, 16, 17, 18, 19, 20, 23, 24, 28, 29, 30, 31, 32, 33, 34, 35, 36, 37, 38, 39, 40, 41, 42, 43, 44, 45, 46, 47, 48, 49, 52, 53, 54, 55, 56, 57, 58, 59, 60, 61, 63, 64, 65, 66, 67, 68, 69, 70, 71, 72, 73, 74, 75, 76, 77, 79, 80, 81, 82, 83, 84, 85, 86, 87, 88, 89, 90, 91, 92, 93, 94, 95, 96, 100, 101, 102, 103, 104, 105, 106, 107, 108, 109, 110, 111, 112, 113, 114, 115, 116, 117, 118, 119, 120, 121, 122, 123, 124, 125, 126, 127, 128, 129, 130, 131, 132, 133, 134, 135, 136, 137, 138, 139, 140, 142, 143, 144, 145, 146, 147, 148, 149, 150, 151, 152, 153, 156, 157, 160, 161, 162, 163, 164, 165, 166, 167, 168, 169, 170, 171, 172, 173, 174, 175, 176, 177, 178, 179, 180, 182, 183, 184, 185, 186, 189, 190, 191, 192, 193, 194, 195, 196, 197, 198, 199, 200]
- 0 Quartet states:  []
- 21 Quintet states:  [8, 21, 22, 25, 26, 27, 50, 51, 62, 78, 97, 98, 99, 141, 154, 155, 158, 159, 181, 187, 188]
 
------------------------
 IMPROVED ACTIVE SPACE 
------------------------
Initial active space (HOMO = 22 ): [ 4 , 3 ] ; [20, 21, 22]
Final active space (HOMO = 22 ): [ 12 , 31 ] ; [16, 17, 18, 19, 20, 21, 22, 23, 24, 25, 26, 27, 28, 29, 30, 31, 32, 33, 34, 35, 36, 37, 38, 39, 40, 41, 42, 43, 45, 46, 47]
 
--------------------------------
 SUM-OVER-STATE ANALYSIS
--------------------------------
 state    gxx     gyy    gzz
     1  0.000   0.000  0.000
     2 -0.000  -0.000 -2.738
     3  0.000  -0.000 -0.000
     4  0.000   0.000 -3.050
     5 80.993   0.000 -0.000
     6  0.000 -78.848 -0.000
     7 -0.000   0.000  0.000
     8 -0.000  -0.000 -0.000
     9 17.237  -0.000 -0.000
    10  0.000  -0.000  0.000
    11  0.000   0.000 -0.000
    12 -0.000   0.000  0.000
    13 -0.000 -17.623 -0.000
    14 -0.000   0.000  0.000
    15  0.000   2.432  0.000
    16 -1.721   0.000  0.000
    17  0.000  -0.000 -0.000
    18 -0.000  -1.147  0.000
    19 -1.468   0.000  0.000
    20  0.000  -0.000  0.000
    21  0.000   0.000  0.000
    22  0.000  -0.000  0.000
    23 -0.000  -0.015  0.000
    24  0.022  -0.000  0.000
    25  0.000   0.000  0.000
    26  0.000   0.000 -0.000
    27  0.000   0.000  0.000
    28  0.996  -0.000  0.000
    29 -0.000  -0.000  0.000
    30  0.000   0.000 -0.063
    31 -0.000  -0.250  0.000
    32 -0.969   0.000 -0.000
    33  0.000  -0.000  0.000
    34 -0.000   0.000 -0.002
    35  0.000   0.261  0.000
    36  0.000   0.000 -0.000
    37  0.000  -0.000 -0.070
    38  2.590  -0.000  0.000
    39 -0.000  -2.609 -0.000
    40  0.000   0.000 -0.000
    41  1.574  -0.000 -0.000
    42  0.000   0.000 -0.000
    43  0.000  -0.000  0.001
    44  0.000   0.000 -0.000
    45  0.000   1.657  0.000
    46  0.000  -0.000 -0.000
    47  0.000   0.000  0.000
    48 -0.008  -0.000  0.000
    49  0.000  -0.017  0.000
    50  0.000  -0.000 -0.000
    51 -0.000   0.000 -0.000
    52 -0.000   0.000  0.000
    53 -0.000  -0.000 -0.001
    54 -0.999  -0.000 -0.000
    55 -0.000   0.959 -0.000
    56  0.000   0.000  0.000
    57 -0.000   0.000  0.001
    58 -0.000   0.027 -0.000
    59  0.180   0.000  0.000
    60  0.038  -0.000  0.000
    61  0.000   0.093  0.000
    62 -0.000   0.000 -0.000
    63 -0.000   0.000 -0.004
    64  0.000   0.000 -0.000
    65  0.150   0.000 -0.000
    66 -0.000   0.073 -0.000
    67  0.000  -0.000 -0.002
    68 -0.000  -0.000  0.000
    69  0.000  -0.000 -0.000
    70  0.043   0.000  0.000
    71 -0.000  -0.052  0.000
    72 -0.000  -0.000 -0.000
    73 -0.000   0.000  0.000
    74  0.000   0.000 -0.000
    75 -0.000   0.000  0.000
    76 -3.795   0.000  0.000
    77 -0.000   0.000  0.000
    78 -0.000   0.000 -0.000
    79 -0.000  -1.203  0.000
    80  0.000  -0.000 -0.000
    81  0.000   0.000  0.000
    82 -0.482   0.000  0.000
    83  0.000   2.981 -0.000
    84 -0.000   0.000 -0.000
    85  0.000  -0.000  0.000
    86 -0.000  -0.000  0.000
    87 -0.191  -0.000  0.000
    88  0.000   0.000 -0.000
    89  0.000   0.000 -0.000
    90  0.000   0.252  0.000
    91  0.000   0.000  0.000
    92 -0.000   0.000 -0.000
    93  3.452  -0.000 -0.000
    94 -0.000  -3.595 -0.000
    95 -0.310   0.000  0.000
    96 -0.000  -0.451 -0.000
    97 -0.000   0.000  0.000
    98 -0.000  -0.000  0.000
    99  0.000   0.000  0.000
   100 -0.000  -0.000  0.000
   101 -0.523  -0.000 -0.000
   102 -0.000   0.588 -0.000
   103 -0.000   0.000  0.000
   104 -0.003   0.000  0.000
   105  0.000   0.000  0.000
   106  0.000  -0.000 -0.000
   107 -0.000  -0.001  0.000
   108  0.335  -0.000  0.000
   109 -0.000  -0.396  0.000
   110  0.236  -0.000 -0.000
   111 -0.000  -0.128 -0.000
   112  0.000   0.000 -0.000
   113 -0.000  -0.045 -0.000
   114  0.000   0.000 -0.000
   115  0.000  -0.000 -0.000
   116  0.000  -0.000  0.000
   117  0.000   0.024  0.000
   118  0.025  -0.000 -0.000
   119  0.000   0.000  0.000
   120  0.143  -0.000 -0.000
   121 -0.000  -0.083 -0.000
   122  0.000  -0.000  0.000
   123 -0.000  -0.000  0.000
   124 -0.000   0.000 -0.000
   125 -0.002  -0.000 -0.000
   126  0.000  -0.008 -0.000
   127  0.000   0.000  0.000
   128 -0.000   0.000 -0.000
   129 -0.082   0.000  0.000
   130  0.000   0.067  0.000
   131  0.073  -0.000 -0.000
   132  0.004  -0.000  0.000
   133 -0.000  -0.062 -0.000
   134 -0.000  -0.004 -0.000
   135 -0.000  -0.000 -0.001
   136  0.000  -0.000 -0.000
   137 -0.000   0.000 -0.001
   138 -0.000  -0.000 -0.000
   139  0.000   0.000  0.000
   140  0.000  -0.000 -0.000
   141  0.000  -0.000 -0.000
   142 -0.000  -0.000 -0.000
   143 -0.000   0.000 -0.000
   144 -0.000   0.000  0.000
   145 -0.000  -0.000  0.000
   146 -0.000   0.000  0.000
   147  0.000   0.000  0.000
   148  0.012  -0.000 -0.000
   149 -0.000  -0.012 -0.000
   150 -0.000  -0.000 -0.000
   151 -0.000   0.000 -0.000
   152  2.055  -0.000 -0.000
   153 -0.000  -1.898  0.000
   154  0.000  -0.000  0.000
   155  0.000  -0.000  0.000
   156  0.001  -0.000  0.000
   157 -0.000  -0.001  0.000
   158 -0.000   0.000 -0.000
   159 -0.000  -0.000  0.000
   160  0.015  -0.000 -0.000
   161  0.000   0.019 -0.000
   162  0.040   0.000 -0.000
   163 -0.000   0.039  0.000
   164  0.000  -0.000 -0.000
   165 -0.000  -0.000 -0.000
   166 -0.003   0.000 -0.000
   167  0.000   0.001 -0.000
   168 -0.000  -0.000  0.000
   169 -0.000   0.000  0.000
   170 -0.076   0.000  0.000
   171 -0.065  -0.000  0.000
   172 -0.000   0.009  0.000
   173  0.000  -0.000 -0.000
   174  0.000   0.013  0.000
   175 -0.000  -0.000  0.000
   176  0.000  -0.000  0.000
   177  0.000  -0.000  0.000
   178 -0.000  -0.000  0.000
   179 -0.000  -0.000  0.000
   180  0.100  -0.000  0.000
   181 -0.000   0.000 -0.000
   182  0.000   0.000 -0.000
   183 -0.000  -0.083  0.000
   184  0.000  -0.006 -0.000
   185  0.002   0.000 -0.000
   186  0.000  -0.000 -0.000
   187  0.000   0.000  0.000
   188 -0.000   0.000  0.000
   189 -0.041   0.000 -0.000
   190  0.000   0.035 -0.000
   191 -0.000  -0.000  0.000
   192  0.000  -0.000 -0.000
   193  0.008  -0.000 -0.000
   194 -0.000  -0.005  0.000
   195  0.000  -0.000  0.000
   196 -0.000  -0.000 -0.000
   197 -0.000  -0.000  0.000
   198  0.000  -0.000 -0.000
   199  0.000   0.000 -0.000
   200  0.000  -0.000 -0.000

