--------------------------------------
     INPUT SECTION
--------------------------------------
File selected:  seo_6_4.out
Number of states selected:  30
Selected states selected:  [1, 2, 3, 4, 5, 6, 7, 8, 9, 10, 11, 12, 13, 14, 15, 16, 17, 18, 19, 20, 21, 22, 23, 24, 25, 26, 27, 28, 29, 30]
 
------------------------
 RAS-CI RESULTS
------------------------
g-factor (x y z dimensions):
-9.425 -23.037 -290.793

------------------------
 EXCITED STATES ANALYSIS
------------------------
Configurations cut-off: 0.5
state config sym  hole  part unpairedorb amplitude      e    socc     lk  s2
    1      1 1A1   0.0 99.86       22,22      0.95    0.0     0.0    0.0 2.0
    2      1 1A2   0.0 94.17       20,22      0.95   0.51  927.74  0.964 2.0
    5      1 2A2   0.0 42.87       20,22      0.76  3.934 452.337 -0.161 2.0
    5      2 2A2   0.0 42.87       18,22      0.55  3.934 452.337 -0.161 2.0
    7      1 2B1   0.0 99.53 20,21,22,22      0.81   5.05 250.321  -1.25 2.0
    9      1 3B1  0.04 99.42 20,21,22,22      0.71  5.975 513.869 -0.562 2.0
    9      2 3B1  0.04 99.42 20,21,22,22      0.55  5.975 513.869 -0.562 2.0
   10      1 1B2  0.05 95.98       21,22      0.85  6.024 276.903  0.383 2.0
   10      2 1B2  0.05 95.98       21,22      0.44  6.024 276.903  0.383 2.0
   11      1 3A2   0.0 88.18       18,22      0.87  6.111 829.053 -0.117 2.0
   13      1 4A2   0.0 77.09       18,22      0.75  7.201 148.721 -0.073 2.0
   13      2 4A2   0.0 77.09       20,22      0.41  7.201 148.721 -0.073 2.0
   14      1 2B2  0.02 99.02       21,22      0.85   7.52 550.158  0.707 2.0
   14      2 2B2  0.02 99.02       21,22      0.45   7.52 550.158  0.707 2.0
   15      1 4B1  0.07 90.76 20,21,22,22      0.67  7.652   33.54  0.298 2.0
   15      2 4B1  0.07 90.76 20,21,22,22      0.59  7.652   33.54  0.298 2.0
   16      1 5B1  0.05 99.73       20,23       0.8 10.757  15.429  0.029 2.0
   16      2 5B1  0.05 99.73       20,26      0.41 10.757  15.429  0.029 2.0
   17      1 3B2  0.12 99.87       22,23       0.8 11.397 485.995  0.106 2.0
   17      2 3B2  0.12 99.87       22,26      0.41 11.397 485.995  0.106 2.0
   18      1 4B2 25.09 14.88       21,22      0.77 13.161   7.923  0.003 2.0
   18      2 4B2 25.09 14.88       17,22       0.5 13.161   7.923  0.003 2.0
   19      1 6B1 24.23  20.4       20,21      0.73 13.632  19.781 -0.042 2.0
   19      2 6B1 24.23  20.4       17,20      0.48 13.632  19.781 -0.042 2.0
   20      1 5A2   0.0 26.62       18,22      0.84 15.356   7.345  0.038 2.0
   24      1 8B1  1.09 79.77 18,21,22,22      0.72 16.627 151.584  0.054 2.0
   24      2 8B1  1.09 79.77       18,21      0.44 16.627 151.584  0.054 2.0
   25      1 6B2  0.03 99.96 18,20,21,22      0.78   17.5 270.735   0.33 2.0
   27      1 7B2  0.01 99.99 18,20,21,22      0.69 19.391  20.446  0.014 2.0
   27      2 7B2  0.01 99.99 18,20,21,22      0.65 19.391  20.446  0.014 2.0
   28      1 6A2   0.0 99.98       20,22      0.85 19.443  25.418  0.034 2.0
   29      1 9B1  0.28 95.89 18,21,22,22      0.64 19.465 186.678 -0.077 2.0
   29      2 9B1  0.28 95.89 18,21,22,22      0.61 19.465 186.678 -0.077 2.0
   30      1 8B2  0.35 99.63 18,20,21,22      0.75 19.655 181.009   0.28 2.0
   30      2 8B2  0.35 99.63 18,20,21,22      0.45 19.655 181.009   0.28 2.0

States multiplicity: 
- 0 Singlet states:  []
- 0 Doublet states:  []
- 26 Triplet states:  [1, 2, 5, 6, 7, 8, 9, 10, 11, 12, 13, 14, 15, 16, 17, 18, 19, 20, 21, 24, 25, 26, 27, 28, 29, 30]
- 0 Quartet states:  []
- 4 Quintet states:  [3, 4, 22, 23]
 
------------------------
 IMPROVED ACTIVE SPACE 
------------------------
Initial active space (HOMO = 22 ): [ 6 , 4 ] ; [18, 20, 21, 22]
Final active space (HOMO = 22 ): [ 8 , 7 ] ; [17, 18, 20, 21, 22, 23, 26]
 
--------------------------------
 SUM-OVER-STATE ANALYSIS
--------------------------------
 state    gxx     gyy      gzz
     1  0.000   0.000    0.000
     2  0.000   0.000 -870.281
     3 -0.000   0.000   -0.000
     4  0.000  -0.000   -0.000
     5 -0.000  -0.000    9.208
     6  0.000   0.000    0.000
     7 30.718  -0.000    0.000
     8 -0.000  -0.000    0.000
     9 23.987  -0.000    0.000
    10  0.000  -8.731   -0.000
    11 -0.000  -0.000    7.890
    12 -0.000   0.000    0.000
    13 -0.000   0.000    0.746
    14 -0.000 -25.657    0.000
    15 -0.648   0.000   -0.000
    16 -0.021   0.000    0.000
    17  0.000  -2.235    0.000
    18  0.000  -0.001   -0.000
    19  0.030  -0.000    0.000
    20 -0.000   0.000   -0.009
    21 -0.000  -0.000   -0.000
    22 -0.000   0.000   -0.000
    23 -0.000   0.000   -0.000
    24 -0.245  -0.000    0.000
    25  0.000  -2.534   -0.000
    26 -0.000  -0.000   -0.000
    27 -0.000  -0.007    0.000
    28 -0.000  -0.000   -0.022
    29  0.366   0.000    0.000
    30 -0.000  -1.278    0.000

