--------------------------------------
     INPUT SECTION
--------------------------------------
File selected:  gaas_3_5.out
Number of states selected:  30
Selected states selected:  [1, 2, 3, 4, 5, 6, 7, 8, 9, 10, 11, 12, 13, 14, 15, 16, 17, 18, 19, 20, 21, 22, 23, 24, 25, 26, 27, 28, 29, 30]
 
------------------------
 RAS-CI RESULTS
------------------------
g-factor (x y z dimensions):
-13.786 -13.786 -0.061

----------------------
 G-TENSOR ANALYSIS
----------------------
g-shift cut-off: 21.261 21.261 0.0
 
state config. symmetry unpaired orb    gxx    gyy  gzz
    1       1      1A2     31,32,33     --     --   --
    2       1      1B1     32,33,35 42.522 -0.006 -0.0
    3       1      1B2     32,33,34  0.006 42.522  0.0

-------------------------------
 IMPROVED ACTIVE SPACE BY G-TENSOR
-------------------------------
Initial active space (HOMO = 33 ): [ 3 , 5 ] ; [31, 32, 33, 34, 35]
Final active space (HOMO = 33 ): [ 3 , 5 ] ; [31, 32, 33, 34, 35]
 
------------------------
 EXCITED STATES ANALYSIS
------------------------
Configurations cut-off: 0.5
state config sym  hole  part    unpairedorb amplitude     e    socc     lk   s2
    1      1 1A2  0.69  0.29       31,32,33      0.99   0.0     0.0    0.0 3.75
    2      1 1B1  35.3  1.29       32,33,35       0.8 3.419 394.482 -0.743 3.75
    3      1 1B2  35.3  1.29       32,33,34       0.8 3.419 394.481 -0.743 3.75
   17      1 6B2 24.27 75.69       31,33,36      0.82 6.791  452.62  0.072 3.75
   18      1 6B1 24.27 75.69       31,32,36      0.82 6.791 452.615  0.072 3.75
   20      1 7B2 80.55 17.98 30,31,32,33,34      0.43 7.279 271.561 -0.946 3.75
   20      2 7B2 80.55 17.98       31,33,36      0.39 7.279 271.561 -0.946 3.75
   20      3 7B2 80.55 17.98 30,31,32,33,34      0.37 7.279 271.561 -0.946 3.75
   20      4 7B2 80.55 17.98 30,31,32,33,34      0.37 7.279 271.561 -0.946 3.75
   20      5 7B2 80.55 17.98 30,31,32,33,34      0.34 7.279 271.561 -0.946 3.75
   20      6 7B2 80.55 17.98       29,31,33       0.3 7.279 271.561 -0.946 3.75
   20      7 7B2 80.55 17.98       30,31,33      0.25 7.279 271.561 -0.946 3.75
   20      8 7B2 80.55 17.98       30,31,35      0.23 7.279 271.561 -0.946 3.75
   21      1 7B1 80.55 17.98 30,31,32,33,35      0.43 7.279 271.563 -0.946 3.75
   21      2 7B1 80.55 17.98       31,32,36      0.39 7.279 271.563 -0.946 3.75
   21      3 7B1 80.55 17.98 30,31,32,33,35      0.37 7.279 271.563 -0.946 3.75
   21      4 7B1 80.55 17.98 30,31,32,33,35      0.37 7.279 271.563 -0.946 3.75
   21      5 7B1 80.55 17.98 30,31,32,33,35      0.34 7.279 271.563 -0.946 3.75
   21      6 7B1 80.55 17.98       29,31,32       0.3 7.279 271.563 -0.946 3.75
   21      7 7B1 80.55 17.98       30,31,32      0.25 7.279 271.563 -0.946 3.75
   21      8 7B1 80.55 17.98       30,31,34      0.23 7.279 271.563 -0.946 3.75

States multiplicity: 
- 0 Singlet states:  []
- 0 Doublet states:  []
- 0 Triplet states:  []
- 28 Quartet states:  [1, 2, 3, 4, 5, 6, 7, 10, 11, 12, 13, 14, 15, 16, 17, 18, 19, 20, 21, 22, 23, 24, 25, 26, 27, 28, 29, 30]
- 0 Quintet states:  []
 
--------------------------------
 IMPROVED ACTIVE SPACE BY SOC AND L
--------------------------------
Initial active space (HOMO = 33 ): [ 3 , 5 ] ; [31, 32, 33, 34, 35]
Final active space (HOMO = 33 ): [ 7 , 8 ] ; [29, 30, 31, 32, 33, 34, 35, 36]
 
--------------------------------
 SUM-OVER-STATE ANALYSIS
--------------------------------
 state    gxx    gyy  gzz
     1  0.000  0.000  0.0
     2 42.522 -0.006 -0.0
     3  0.006 42.522  0.0
     4  0.000  0.000 -0.0
     5 -0.000  0.000 -0.0
     6  0.000  0.000  0.0
     7 -0.000  0.000  0.0
     8 -0.000 -0.000  0.0
     9  0.000  0.000  0.0
    10 -0.016 -1.376 -0.0
    11  1.376 -0.016 -0.0
    12 -0.000 -0.000 -0.0
    13 -0.013  1.048  0.0
    14 -1.048 -0.013  0.0
    15  0.000 -0.000  0.0
    16  0.000  0.000 -0.0
    17  0.001 -2.385  0.0
    18 -2.385 -0.001 -0.0
    19  0.000  0.000 -0.0
    20  0.007 17.499 -0.0
    21 17.499 -0.007  0.0
    22 -0.001  0.484 -0.0
    23 -0.484 -0.001 -0.0
    24  0.000 -0.000 -0.0
    25  0.000  0.000  0.0
    26  0.000 -0.000 -0.0
    27 -0.000 -0.000  0.0
    28  0.000  1.297 -0.0
    29 -1.297  0.000 -0.0
    30 -0.000  0.000  0.0

