--------------------------------------
     INPUT SECTION
--------------------------------------
File selected:  mn2_11_13.out
Number of states selected:  30
Selected states selected:  [1, 2, 3, 4, 5, 6, 7, 8, 9, 10, 11, 12, 13, 14, 15, 16, 17, 18, 19, 20, 21, 22, 23, 24, 25, 26, 27, 28, 29, 30]
 
------------------------
 RAS-CI RESULTS
------------------------
g-factor (x y z dimensions):
-0.71 -0.71 -0.0

----------------------
 G-TENSOR ANALYSIS
----------------------
g-shift cut-off: 5.5 5.5 0.0
 
state config. symmetry                     unpaired orb    gxx    gyy gzz
    1       1     1B1g 20,21,22,23,24,25,26,27,28,29,30     --     --  --
    3       1     1B2g 20,21,22,23,24,25,26,27,28,29,32 -6.009  0.117 0.0
    4       1     1B3g 20,21,22,23,24,25,26,27,28,29,33  0.117  6.009 0.0
    5       1     2B2g 20,21,22,23,24,25,26,27,28,29,32 11.001 -0.341 0.0
    6       1     2B3g 20,21,22,23,24,25,26,27,28,29,33 -0.341  -11.0 0.0

-------------------------------
 IMPROVED ACTIVE SPACE BY G-TENSOR
-------------------------------
Initial active space (HOMO = 30 ): [ 11 , 13 ] ; [20, 21, 22, 23, 24, 25, 26, 27, 28, 29, 30, 32, 33]
Final active space (HOMO = 30 ): [ 11 , 13 ] ; [20, 21, 22, 23, 24, 25, 26, 27, 28, 29, 30, 32, 33]
 
------------------------
 EXCITED STATES ANALYSIS
------------------------
Configurations cut-off: 0.5
state config  sym  hole part                      unpairedorb amplitude     e   socc     lk    s2
    1      1 1B1g  0.17 0.13 20,21,22,23,24,25,26,27,28,29,30       1.0   0.0    0.0    0.0 35.75
    3      1 1B2g 70.25 0.12 20,21,22,23,24,25,26,27,28,29,32      0.54 2.641 68.827  0.465 35.75
    4      1 1B3g 70.25 0.12 20,21,22,23,24,25,26,27,28,29,33      0.54 2.641 68.828 -0.465 35.75
    5      1 2B2g 29.43 0.23 20,21,22,23,24,25,26,27,28,29,32      0.82 3.324 89.435 -0.824 35.75
    6      1 2B3g 29.43 0.23 20,21,22,23,24,25,26,27,28,29,33      0.82 3.324 89.434  0.824 35.75
   26      1 4B2g 97.31  0.2 19,20,21,23,24,25,26,27,29,30,32      0.43 6.664 13.896  0.001 35.75
   26      2 4B2g 97.31  0.2 19,21,22,23,24,25,26,27,28,30,32      0.43 6.664 13.896  0.001 35.75
   26      3 4B2g 97.31  0.2 19,20,21,23,24,25,26,27,29,30,32      0.41 6.664 13.896  0.001 35.75
   26      4 4B2g 97.31  0.2 19,21,22,23,24,25,26,27,28,30,32      0.41 6.664 13.896  0.001 35.75
   27      1 4B3g 97.31  0.2 19,20,22,23,24,25,26,28,29,30,33      0.43 6.664 13.886 -0.001 35.75
   27      2 4B3g 97.31  0.2 19,21,22,23,24,25,26,27,28,30,33      0.43 6.664 13.886 -0.001 35.75
   27      3 4B3g 97.31  0.2 19,20,22,23,24,25,26,28,29,30,33      0.41 6.664 13.886 -0.001 35.75
   27      4 4B3g 97.31  0.2 19,21,22,23,24,25,26,27,28,30,33      0.41 6.664 13.886 -0.001 35.75

States multiplicity: 
- 0 Singlet states:  []
- 0 Doublet states:  []
- 0 Triplet states:  []
- 0 Quartet states:  []
- 0 Quintet states:  []
 
--------------------------------
 IMPROVED ACTIVE SPACE BY SOC AND L
--------------------------------
Initial active space (HOMO = 30 ): [ 11 , 13 ] ; [20, 21, 22, 23, 24, 25, 26, 27, 28, 29, 30, 32, 33]
Final active space (HOMO = 30 ): [ 13 , 14 ] ; [19, 20, 21, 22, 23, 24, 25, 26, 27, 28, 29, 30, 32, 33]
 
--------------------------------
 SUM-OVER-STATE ANALYSIS
--------------------------------
 state    gxx     gyy  gzz
     1  0.000   0.000  0.0
     2 -0.000  -0.000  0.0
     3 -6.009   0.117  0.0
     4  0.117   6.009  0.0
     5 11.001  -0.341  0.0
     6 -0.341 -11.000  0.0
     7 -0.000  -0.000 -0.0
     8  0.000  -0.000 -0.0
     9  0.000   0.000 -0.0
    10  0.000   0.000  0.0
    11 -0.000  -0.000 -0.0
    12 -0.000   0.000 -0.0
    13 -0.000   0.000 -0.0
    14  0.000   0.000 -0.0
    15 -0.000  -0.000 -0.0
    16  0.000   0.000  0.0
    17 -0.000   0.000 -0.0
    18 -0.002  -0.041  0.0
    19  0.041  -0.002  0.0
    20 -0.000  -0.000  0.0
    21  0.000  -0.000 -0.0
    22 -0.000   0.000 -0.0
    23 -0.000  -0.000  0.0
    24  0.000  -0.000  0.0
    25  0.000  -0.000 -0.0
    26 -0.001   0.000  0.0
    27  0.000   0.001  0.0
    28 -0.000   0.000 -0.0
    29  0.000  -0.000 -0.0
    30  0.000   0.000  0.0

