--------------------------------------
     INPUT SECTION
--------------------------------------
File selected:  mnbr_6_8.out
Number of states selected:  30
Selected states selected:  [1, 2, 3, 4, 5, 6, 7, 8, 9, 10, 11, 12, 13, 14, 15, 16, 17, 18, 19, 20, 21, 22, 23, 24, 25, 26, 27, 28, 29, 30]
 
------------------------
 RAS-CI RESULTS
------------------------
g-factor (x y z dimensions):
-3.245 -3.245 -0.004

----------------------
 G-TENSOR ANALYSIS
----------------------
g-shift cut-off: 16.755 16.755 0.0
 
state config. symmetry      unpaired orb    gxx   gyy gzz
    1       1      1A1 28,29,30,31,32,33     --    --  --
    2       1      1B2 28,29,30,31,32,35 -33.51   0.0 0.0
    3       1      1B1 28,29,30,31,32,34    0.0 33.51 0.0

-------------------------------
 IMPROVED ACTIVE SPACE BY G-TENSOR
-------------------------------
Initial active space (HOMO = 33 ): [ 6 , 8 ] ; [28, 29, 30, 31, 32, 33, 34, 35]
Final active space (HOMO = 33 ): [ 6 , 8 ] ; [28, 29, 30, 31, 32, 33, 34, 35]
 
------------------------
 EXCITED STATES ANALYSIS
------------------------
Configurations cut-off: 0.5
state config sym  hole part             unpairedorb amplitude     e    socc     lk   s2
    1      1 1A1  0.33 0.18       28,29,30,31,32,33       1.0   0.0     0.0    0.0 12.0
    2      1 1B2  2.65 0.67       28,29,30,31,32,35      0.96 4.209 272.021  1.046 12.0
    3      1 1B1  2.65 0.67       28,29,30,31,32,34      0.96 4.209 272.019 -1.046 12.0
    5      1 2B2 99.58 0.02       27,28,29,30,31,32      0.85 6.945 301.502    0.1 12.0
    5      2 2B2 99.58 0.02       27,28,29,30,31,33      0.43 6.945 301.502    0.1 12.0
    6      1 2B1 99.58 0.02       26,28,29,30,31,32      0.85 6.945 301.502   -0.1 12.0
    6      2 2B1 99.58 0.02       26,28,29,30,31,33      0.43 6.945 301.502   -0.1 12.0
   12      1 3B1 34.02 3.04       28,29,30,31,33,34      0.79 7.966 249.135  0.196 12.0
   12      2 3B1 34.02 3.04 25,28,29,30,31,32,33,34      0.48 7.966 249.135  0.196 12.0
   13      1 3B2 34.02 3.04       28,29,30,31,33,35      0.79 7.966 249.138  0.196 12.0
   13      2 3B2 34.02 3.04 25,28,29,30,31,32,33,35      0.48 7.966 249.138  0.196 12.0

States multiplicity: 
- 0 Singlet states:  []
- 0 Doublet states:  []
- 0 Triplet states:  []
- 0 Quartet states:  []
- 0 Quintet states:  []
 
--------------------------------
 IMPROVED ACTIVE SPACE BY SOC AND L
--------------------------------
Initial active space (HOMO = 33 ): [ 6 , 8 ] ; [28, 29, 30, 31, 32, 33, 34, 35]
Final active space (HOMO = 33 ): [ 12 , 11 ] ; [25, 26, 27, 28, 29, 30, 31, 32, 33, 34, 35]
 
--------------------------------
 SUM-OVER-STATE ANALYSIS
--------------------------------
 state     gxx    gyy  gzz
     1   0.000  0.000  0.0
     2 -33.510  0.000  0.0
     3   0.000 33.510  0.0
     4   0.000  0.000  0.0
     5  -2.146  0.000 -0.0
     6   0.000  2.146 -0.0
     7   0.000 -0.000 -0.0
     8   0.000 -0.000 -0.0
     9  -0.000 -0.000  0.0
    10  -0.000  0.000  0.0
    11  -0.000 -0.000 -0.0
    12   0.000 -3.037  0.0
    13  -3.037 -0.000  0.0
    14   0.000  0.000  0.0
    15   0.000  0.000 -0.0
    16   0.000  0.000  0.0
    17   0.000 -0.000 -0.0
    18  -0.000 -0.000 -0.0
    19   3.332 -0.000 -0.0
    20  -0.000 -3.332 -0.0
    21   0.000 -0.000  0.0
    22   0.000 -0.000 -0.0
    23   0.000  0.000  0.0
    24   0.000  0.000 -0.0
    25   0.000  1.716 -0.0
    26  -1.716  0.000 -0.0
    27  -0.000 -0.000  0.0
    28   0.000 -0.000 -0.0
    29   0.000  0.000 -0.0
    30  -0.000 -0.000 -0.0

