--------------------------------------
     INPUT SECTION
--------------------------------------
File selected:  mnf_6_8.out
Number of states selected:  30
Selected states selected:  [1, 2, 3, 4, 5, 6, 7, 8, 9, 10, 11, 12, 13, 14, 15, 16, 17, 18, 19, 20, 21, 22, 23, 24, 25, 26, 27, 28, 29, 30]
 
------------------------
 RAS-CI RESULTS
------------------------
g-factor (x y z dimensions):
-1.036 -1.036 -0.001

----------------------
 G-TENSOR ANALYSIS
----------------------
g-shift cut-off: 4.852 4.852 0.0
 
state config. symmetry      unpaired orb    gxx    gyy  gzz
    1       1      1A1 15,16,17,18,19,20     --     --   --
    2       1      1B1 15,16,17,18,19,21 -0.005  9.705  0.0
    2       2      1B1 15,16,18,19,20,21 -0.005  9.705  0.0
    3       1      1B2 15,16,17,18,19,22 -9.705 -0.005 -0.0
    3       2      1B2 15,16,18,19,20,22 -9.705 -0.005 -0.0

-------------------------------
 IMPROVED ACTIVE SPACE BY G-TENSOR
-------------------------------
Initial active space (HOMO = 20 ): [ 6 , 8 ] ; [15, 16, 17, 18, 19, 20, 21, 22]
Final active space (HOMO = 20 ): [ 6 , 8 ] ; [15, 16, 17, 18, 19, 20, 21, 22]
 
------------------------
 EXCITED STATES ANALYSIS
------------------------
Configurations cut-off: 0.5
state config sym hole part       unpairedorb amplitude     e    socc     lk   s2
    1      1 1A1 0.08 0.25 15,16,17,18,19,20       1.0   0.0     0.0    0.0 12.0
    2      1 1B1 0.79 0.71 15,16,17,18,19,21      0.88 4.585 148.989 -0.602 12.0
    2      2 1B1 0.79 0.71 15,16,18,19,20,21      0.45 4.585 148.989 -0.602 12.0
    3      1 1B2 0.79 0.71 15,16,17,18,19,22      0.88 4.585 148.988  0.602 12.0
    3      2 1B2 0.79 0.71 15,16,18,19,20,22      0.45 4.585 148.988  0.602 12.0

States multiplicity: 
- 0 Singlet states:  []
- 0 Doublet states:  []
- 0 Triplet states:  []
- 0 Quartet states:  []
- 0 Quintet states:  []
 
--------------------------------
 IMPROVED ACTIVE SPACE BY SOC AND L
--------------------------------
Initial active space (HOMO = 20 ): [ 6 , 8 ] ; [15, 16, 17, 18, 19, 20, 21, 22]
Final active space (HOMO = 20 ): [ 6 , 8 ] ; [15, 16, 17, 18, 19, 20, 21, 22]
 
--------------------------------
 SUM-OVER-STATE ANALYSIS
--------------------------------
 state    gxx    gyy  gzz
     1  0.000  0.000  0.0
     2 -0.005  9.705  0.0
     3 -9.705 -0.005 -0.0
     4  0.000  0.000  0.0
     5 -0.000 -0.000  0.0
     6 -0.180 -0.000 -0.0
     7  0.000 -0.180  0.0
     8  0.000 -0.000 -0.0
     9 -0.000  0.000  0.0
    10  0.000 -0.000 -0.0
    11 -0.000 -0.000  0.0
    12 -0.000 -0.000 -0.0
    13 -0.000  0.000 -0.0
    14  0.000 -0.000  0.0
    15 -0.000 -0.000  0.0
    16  1.303 -0.000 -0.0
    17  0.000  1.303  0.0
    18  0.000 -0.185 -0.0
    19  0.185  0.000  0.0
    20 -0.067  0.000 -0.0
    21  0.000  0.067 -0.0
    22  0.000 -0.000 -0.0
    23  0.000 -0.000 -0.0
    24 -0.000  0.000 -0.0
    25 -0.000 -0.000  0.0
    26 -0.000  0.000  0.0
    27 -0.000  0.000  0.0
    28  0.000 -0.000  0.0
    29  0.000 -0.000  0.0
    30  0.000  0.000  0.0

