--------------------------------------
     INPUT SECTION
--------------------------------------
File selected:  mno_5_6.out
Number of states selected:  30
Selected states selected:  [1, 2, 3, 4, 5, 6, 7, 8, 9, 10, 11, 12, 13, 14, 15, 16, 17, 18, 19, 20, 21, 22, 23, 24, 25, 26, 27, 28, 29, 30]
 
------------------------
 RAS-CI RESULTS
------------------------
g-factor (x y z dimensions):
-3.224 -3.224 -0.025

----------------------
 G-TENSOR ANALYSIS
----------------------
g-shift cut-off: 10.849 10.849 0.0
 
state config. symmetry         unpaired orb     gxx     gyy  gzz
    1       1      1A1       15,16,17,18,19      --      --   --
    2       1      1B2       15,16,17,18,20 -21.699   1.596 -0.0
    2       2      1B2 14,15,16,17,18,19,20 -21.699   1.596 -0.0
    3       1      1B1       15,16,17,19,20  -1.596 -21.699  0.0
    3       2      1B1 13,15,16,17,18,19,20  -1.596 -21.699  0.0

-------------------------------
 IMPROVED ACTIVE SPACE BY G-TENSOR
-------------------------------
Initial active space (HOMO = 19 ): [ 5 , 6 ] ; [15, 16, 17, 18, 19, 20]
Final active space (HOMO = 19 ): [ 9 , 8 ] ; [13, 14, 15, 16, 17, 18, 19, 20]
 
------------------------
 EXCITED STATES ANALYSIS
------------------------
Configurations cut-off: 0.5
state config sym  hole part          unpairedorb amplitude     e    socc     lk   s2
    1      1 1A1   5.1 0.48       15,16,17,18,19      0.94   0.0     0.0    0.0 8.75
    2      1 1B2 34.93 5.23       15,16,17,18,20      0.77 1.628  271.64  0.262 8.75
    2      2 1B2 34.93 5.23 14,15,16,17,18,19,20      0.51 1.628  271.64  0.262 8.75
    3      1 1B1 34.93 5.23       15,16,17,19,20      0.77 1.628  271.64  0.262 8.75
    3      2 1B1 34.93 5.23 13,15,16,17,18,19,20      0.51 1.628  271.64  0.262 8.75
    5      1 2B2 99.96 0.04 14,15,16,17,18,19,20      0.85 3.966  45.038 -0.152 8.75
    6      1 2B1 99.96 0.04 13,15,16,17,18,19,20      0.85 3.966  45.038  0.152 8.75
   10      1 3B1 84.48 2.67 13,15,16,17,18,19,20      0.68 5.259 134.141  0.759 8.75
   10      2 3B1 84.48 2.67       15,16,17,19,20      0.36 5.259 134.141  0.759 8.75
   11      1 3B2 84.48 2.67 14,15,16,17,18,19,20      0.68 5.259 134.141 -0.759 8.75
   11      2 3B2 84.48 2.67       15,16,17,18,20      0.36 5.259 134.141 -0.759 8.75
   13      1 4B2 98.93 1.04       12,15,16,18,20      0.62 6.721  66.842  0.175 8.75
   13      2 4B2 98.93 1.04 14,15,16,17,18,19,20      0.46 6.721  66.842  0.175 8.75
   13      3 4B2 98.93 1.04       12,15,16,17,18      0.33 6.721  66.842  0.175 8.75
   14      1 4B1 98.93 1.04       12,15,16,19,20      0.62 6.721  66.841  0.175 8.75
   14      2 4B1 98.93 1.04 13,15,16,17,18,19,20      0.46 6.721  66.841  0.175 8.75
   14      3 4B1 98.93 1.04       12,15,16,17,19      0.33 6.721  66.841  0.175 8.75
   22      1 6B1 99.68  0.1 13,15,16,17,18,19,20       0.5  6.84  85.645  0.478 8.75
   22      2 6B1 99.68  0.1 13,15,16,17,18,19,20      0.46  6.84  85.645  0.478 8.75
   22      3 6B1 99.68  0.1       12,15,16,19,20      0.42  6.84  85.645  0.478 8.75
   22      4 6B1 99.68  0.1       13,15,16,18,19      0.25  6.84  85.645  0.478 8.75
   23      1 6B2 99.68  0.1 14,15,16,17,18,19,20       0.5  6.84  85.645  0.478 8.75
   23      2 6B2 99.68  0.1 14,15,16,17,18,19,20      0.46  6.84  85.645  0.478 8.75
   23      3 6B2 99.68  0.1       12,15,16,18,20      0.42  6.84  85.645  0.478 8.75
   23      4 6B2 99.68  0.1       14,15,16,18,19      0.25  6.84  85.645  0.478 8.75

States multiplicity: 
- 0 Singlet states:  []
- 0 Doublet states:  []
- 0 Triplet states:  []
- 0 Quartet states:  []
- 0 Quintet states:  []
 
--------------------------------
 IMPROVED ACTIVE SPACE BY SOC AND L
--------------------------------
Initial active space (HOMO = 19 ): [ 5 , 6 ] ; [15, 16, 17, 18, 19, 20]
Final active space (HOMO = 19 ): [ 11 , 9 ] ; [12, 13, 14, 15, 16, 17, 18, 19, 20]
 
--------------------------------
 SUM-OVER-STATE ANALYSIS
--------------------------------
 state     gxx     gyy  gzz
     1   0.000   0.000  0.0
     2 -21.699   1.596 -0.0
     3  -1.596 -21.699  0.0
     4  -0.000  -0.000  0.0
     5   0.857  -0.004 -0.0
     6  -0.004  -0.857 -0.0
     7   0.000   0.000 -0.0
     8  -0.000   0.000  0.0
     9  -0.000  -0.000 -0.0
    10   0.025  -9.602  0.0
    11   9.602   0.025  0.0
    12   0.000   0.000  0.0
    13  -0.865   0.001 -0.0
    14  -0.001  -0.865  0.0
    15  -0.000  -0.000 -0.0
    16   0.000   0.000  0.0
    17  -0.000   0.000  0.0
    18  -0.000  -0.000  0.0
    19   0.000  -0.000  0.0
    20   0.000  -0.000 -0.0
    21   0.000   0.000  0.0
    22   0.023  -2.966  0.0
    23  -2.966  -0.023 -0.0
    24   0.000   0.000  0.0
    25  -0.000  -0.000  0.0
    26   0.000  -0.000  0.0
    27  -0.000  -0.000 -0.0
    28   0.000  -0.000 -0.0
    29   0.000   0.000  0.0
    30   0.000   0.000 -0.0

