--------------------------------------
     INPUT SECTION
--------------------------------------
File selected:  mns_7_6.out
Number of states selected:  30
Selected states selected:  [1, 2, 3, 4, 5, 6, 7, 8, 9, 10, 11, 12, 13, 14, 15, 16, 17, 18, 19, 20, 21, 22, 23, 24, 25, 26, 27, 28, 29, 30]
 
------------------------
 RAS-CI RESULTS
------------------------
g-factor (x y z dimensions):
-1.457 -1.457 -0.02

----------------------
 G-TENSOR ANALYSIS
----------------------
g-shift cut-off: 14.852 14.852 0.0
 
state config. symmetry         unpaired orb     gxx     gyy  gzz
    1       1      1A1       19,20,21,22,23      --      --   --
    2       1      1B1       19,20,22,23,22   2.356 -29.703  0.0
    2       2      1B1 16,19,20,21,22,23,22   2.356 -29.703  0.0
    2       3      1B1 16,19,20,21,22,23,22   2.356 -29.703  0.0
    3       1      1B2       19,20,22,23,23 -29.704  -2.356  0.0
    3       2      1B2 16,19,20,21,22,23,23 -29.704  -2.356  0.0
    3       3      1B2 16,19,20,21,22,23,23 -29.704  -2.356  0.0
    4       1      2B2 16,19,20,21,22,23,23  24.687   2.392 -0.0
    5       1      2B1 16,19,20,21,22,23,22   2.392 -24.687  0.0

-------------------------------
 IMPROVED ACTIVE SPACE BY G-TENSOR
-------------------------------
Initial active space (HOMO = 23 ): [ 7 , 6 ] ; [16, 19, 20, 21, 22, 23]
Final active space (HOMO = 23 ): [ 7 , 6 ] ; [16, 19, 20, 21, 22, 23]
 
------------------------
 EXCITED STATES ANALYSIS
------------------------
Configurations cut-off: 0.5
state config sym hole  part          unpairedorb amplitude     e    socc     lk   s2
    1      1 1A1  0.0 31.93       19,20,21,22,23      0.82   0.0     0.0    0.0 8.75
    2      1 1B1  0.0 99.96       19,20,22,23,22       0.6 2.095 290.063  0.432 8.75
    2      2 1B1  0.0 99.96 16,19,20,21,22,23,22      0.58 2.095 290.063  0.432 8.75
    2      3 1B1  0.0 99.96 16,19,20,21,22,23,22      0.33 2.095 290.063  0.432 8.75
    3      1 1B2  0.0 99.96       19,20,22,23,23       0.6 2.095 290.063  0.433 8.75
    3      2 1B2  0.0 99.96 16,19,20,21,22,23,23      0.58 2.095 290.063  0.433 8.75
    3      3 1B2  0.0 99.96 16,19,20,21,22,23,23      0.33 2.095 290.063  0.433 8.75
    4      1 2B2  0.0 99.25 16,19,20,21,22,23,23      0.82 4.615 266.881 -0.861 8.75
    5      1 2B1  0.0 99.25 16,19,20,21,22,23,22      0.82 4.615 266.881  0.861 8.75
   14      1 5B2  0.0 99.97 16,19,20,21,22,23,23      0.55 6.564  152.67  0.566 8.75
   14      2 5B2  0.0 99.97 16,19,20,21,22,23,23      0.46 6.564  152.67  0.566 8.75
   14      3 5B2  0.0 99.97 16,19,20,21,22,23,23      0.37 6.564  152.67  0.566 8.75
   14      4 5B2  0.0 99.97 16,19,20,21,22,23,23       0.3 6.564  152.67  0.566 8.75
   14      5 5B2  0.0 99.97       19,20,22,23,23      0.28 6.564  152.67  0.566 8.75
   15      1 5B1  0.0 99.97 16,19,20,21,22,23,22      0.55 6.564  152.67 -0.566 8.75
   15      2 5B1  0.0 99.97 16,19,20,21,22,23,22      0.46 6.564  152.67 -0.566 8.75
   15      3 5B1  0.0 99.97 16,19,20,21,22,23,22      0.37 6.564  152.67 -0.566 8.75
   15      4 5B1  0.0 99.97 16,19,20,21,22,23,22       0.3 6.564  152.67 -0.566 8.75
   15      5 5B1  0.0 99.97       19,20,22,23,22      0.28 6.564  152.67 -0.566 8.75

States multiplicity: 
- 0 Singlet states:  []
- 0 Doublet states:  []
- 0 Triplet states:  []
- 0 Quartet states:  []
- 0 Quintet states:  []
 
--------------------------------
 IMPROVED ACTIVE SPACE BY SOC AND L
--------------------------------
Initial active space (HOMO = 23 ): [ 7 , 6 ] ; [16, 19, 20, 21, 22, 23]
Final active space (HOMO = 23 ): [ 7 , 6 ] ; [16, 19, 20, 21, 22, 23]
 
--------------------------------
 SUM-OVER-STATE ANALYSIS
--------------------------------
 state     gxx     gyy  gzz
     1   0.000   0.000  0.0
     2   2.356 -29.703  0.0
     3 -29.704  -2.356  0.0
     4  24.687   2.392 -0.0
     5   2.392 -24.687  0.0
     6  -0.000  -0.000 -0.0
     7  -0.000  -0.000 -0.0
     8   0.000   0.000  0.0
     9  -0.000   0.000  0.0
    10   0.000   0.000  0.0
    11  -0.000  -0.000 -0.0
    12  -0.080  -0.007 -0.0
    13   0.007  -0.080 -0.0
    14  -6.529  -0.970  0.0
    15  -0.970   6.529 -0.0
    16  -0.000  -0.000  0.0
    17   0.000   0.000 -0.0
    18  -0.000  -0.000  0.0
    19   0.000   0.000  0.0
    20  -0.000  -0.000  0.0
    21  -0.000   0.000  0.0
    22  -0.000  -0.000  0.0
    23   0.000   0.000  0.0
    24   0.000   0.000  0.0
    25  -0.000  -0.000 -0.0
    26   0.026  -0.275  0.0
    27  -0.275  -0.026  0.0
    28   0.000  -0.000  0.0
    29  -0.081  -0.011  0.0
    30  -0.011   0.081 -0.0

