--------------------------------------
     INPUT SECTION
--------------------------------------
File selected:  ni_4_3.out
Number of states selected:  30
Selected states selected:  [1, 2, 3, 4, 5, 6, 7, 8, 9, 10, 11, 12, 13, 14, 15, 16, 17, 18, 19, 20, 21, 22, 23, 24, 25, 26, 27, 28, 29, 30]
 
------------------------
 RAS-CI RESULTS
------------------------
g-factor (x y z dimensions):
-1.01 1.466 -1.569

----------------------
 G-TENSOR ANALYSIS
----------------------
g-shift cut-off: 2.204 1.404 2.271
 
state config. symmetry unpaired orb    gxx   gyy   gzz
    1       1      1A2        16,17     --    --    --
    1       2      1A2        16,17     --    --    --
    4       1      1A1        17,17    0.0   0.0 4.541
    5       1      3B1  13,16,17,17 -4.408   0.0   0.0
    5       2      3B1  13,16,17,17 -4.408   0.0   0.0
    6       1      1B2        13,17   -0.0 2.808  -0.0
    6       2      1B2        13,17   -0.0 2.808  -0.0

-------------------------------
 IMPROVED ACTIVE SPACE BY G-TENSOR
-------------------------------
Initial active space (HOMO = 17 ): [ 4 , 3 ] ; [13, 16, 17]
Final active space (HOMO = 17 ): [ 4 , 3 ] ; [13, 16, 17]
 
------------------------
 EXCITED STATES ANALYSIS
------------------------
Configurations cut-off: 0.5
state config sym  hole  part unpairedorb amplitude      e   socc     lk  s2
    1      1 1A2  0.17 48.63       16,17      0.72    0.0    0.0    0.0 2.0
    1      2 1A2  0.17 48.63       16,17      0.63    0.0    0.0    0.0 2.0
    3      1 2B1  0.38 98.13 13,16,17,17      0.82  1.931   3.56  0.402 2.0
    3      2 2B1  0.38 98.13 13,16,17,17      0.44  1.931   3.56  0.402 2.0
    4      1 1A1   0.0 100.0       17,17      0.98  2.268 32.306 -0.643 2.0
    5      1 3B1  0.03  99.9 13,16,17,17      0.82  3.219 23.023  1.243 2.0
    5      2 3B1  0.03  99.9 13,16,17,17      0.48  3.219 23.023  1.243 2.0
    6      1 1B2  0.94 92.48       13,17      0.79  3.343 23.352  -0.81 2.0
    6      2 1B2  0.94 92.48       13,17      0.51  3.343 23.352  -0.81 2.0
    7      1 4B1  0.98 92.98 13,16,17,17      0.75  3.457 14.023 -0.904 2.0
    7      2 4B1  0.98 92.98 13,16,17,17      0.55  3.457 14.023 -0.904 2.0
    9      1 2B2  1.59 84.03       13,17      0.81  4.989 17.619 -0.533 2.0
   10      1 5B1  0.06 94.57       16,18      0.84  6.202  43.05 -0.509 2.0
   12      1 3B2  0.05 94.98       17,18      0.82  6.384 26.961  0.055 2.0
   13      1 6B1  8.63 22.62       13,16      0.83  6.959 31.391 -0.531 2.0
   14      1 4B2  7.35 37.24       13,17      0.74  7.069 16.524 -0.381 2.0
   14      2 4B2  7.35 37.24       13,17      0.41  7.069 16.524 -0.381 2.0
   15      1 2A1   0.0 100.0       17,17      0.97  7.555  7.399  -0.03 2.0
   18      1 3A1  0.02 99.98       13,18      0.69  9.165  0.067  0.001 2.0
   18      2 3A1  0.02 99.98       13,18      0.55  9.165  0.067  0.001 2.0
   20      1 4A1  0.36 99.64       13,18      0.69 10.958  3.273  0.001 2.0
   20      2 4A1  0.36 99.64       13,18      0.55 10.958  3.273  0.001 2.0
   22      1 5B2 33.94 65.99       17,18      0.69 15.217  7.089  0.094 2.0
   22      2 5B2 33.94 65.99       12,17      0.48 15.217  7.089  0.094 2.0
   23      1 7B1 32.71 67.21       16,18      0.69 15.384  8.159  0.061 2.0
   23      2 7B1 32.71 67.21       12,16      0.47 15.384  8.159  0.061 2.0
   24      1 5A1 99.43  0.57       14,16       1.0 16.375  1.156  0.044 2.0
   28      1 6A1   0.2  99.8 13,16,17,22      0.85 17.656   0.18  0.001 2.0
   29      1 9B1 27.81 69.88 13,16,17,25      0.48 17.798  7.438  0.195 2.0
   29      2 9B1 27.81 69.88 13,16,17,25      0.38 17.798  7.438  0.195 2.0
   29      3 9B1 27.81 69.88       11,16      0.37 17.798  7.438  0.195 2.0
   29      4 9B1 27.81 69.88       12,16      0.37 17.798  7.438  0.195 2.0
   29      5 9B1 27.81 69.88       16,18      0.32 17.798  7.438  0.195 2.0
   30      1 6B2 31.97 65.04 13,16,17,24      0.43 17.831  4.673  0.101 2.0
   30      2 6B2 31.97 65.04       11,17      0.41 17.831  4.673  0.101 2.0
   30      3 6B2 31.97 65.04       12,17      0.39 17.831  4.673  0.101 2.0
   30      4 6B2 31.97 65.04       17,18      0.37 17.831  4.673  0.101 2.0
   30      5 6B2 31.97 65.04 13,16,17,24      0.37 17.831  4.673  0.101 2.0

States multiplicity: 
- 0 Singlet states:  []
- 0 Doublet states:  []
- 27 Triplet states:  [1, 3, 4, 5, 6, 7, 8, 9, 10, 12, 13, 14, 15, 16, 17, 18, 19, 20, 21, 22, 23, 24, 25, 27, 28, 29, 30]
- 0 Quartet states:  []
- 3 Quintet states:  [2, 11, 26]
 
--------------------------------
 IMPROVED ACTIVE SPACE BY SOC AND L
--------------------------------
Initial active space (HOMO = 17 ): [ 4 , 3 ] ; [13, 16, 17]
Final active space (HOMO = 17 ): [ 10 , 10 ] ; [11, 12, 13, 14, 16, 17, 18, 22, 24, 25]
 
--------------------------------
 SUM-OVER-STATE ANALYSIS
--------------------------------
 state    gxx    gyy    gzz
     1  0.000  0.000  0.000
     2  0.000  0.000 -0.000
     3 -0.367 -0.000  0.000
     4  0.000  0.000  4.541
     5 -4.408  0.000  0.000
     6 -0.000  2.808 -0.000
     7  1.818  0.000  0.000
     8  0.000  0.000  0.000
     9  0.000  0.933  0.000
    10  1.754 -0.000  0.000
    11 -0.000  0.000  0.000
    12  0.000 -0.115  0.000
    13  1.188 -0.000 -0.000
    14  0.000  0.441  0.000
    15 -0.000  0.000  0.015
    16  0.000 -0.000 -0.000
    17 -0.000 -0.000 -0.000
    18 -0.000 -0.000 -0.000
    19 -0.000  0.000 -0.000
    20  0.000 -0.000 -0.000
    21 -0.000 -0.000  0.000
    22  0.000 -0.022  0.000
    23 -0.016 -0.000 -0.000
    24 -0.000  0.000 -0.002
    25 -0.000 -0.000 -0.000
    26 -0.000 -0.000  0.000
    27 -0.000  0.000 -0.000
    28 -0.000  0.000 -0.000
    29 -0.040  0.000  0.000
    30 -0.000 -0.013 -0.000

