--------------------------------------
     INPUT SECTION
--------------------------------------
File selected:  seo_8_5.out
Number of states selected:  30
Selected states selected:  [1, 2, 3, 4, 5, 6, 7, 8, 9, 10, 11, 12, 13, 14, 15, 16, 17, 18, 19, 20, 21, 22, 23, 24, 25, 26, 27, 28, 29, 30]
 
------------------------
 RAS-CI RESULTS
------------------------
g-factor (x y z dimensions):
15.808 15.825 -0.17

----------------------
 G-TENSOR ANALYSIS
----------------------
g-shift cut-off: 38.521 38.478 0.001
 
state config. symmetry unpaired orb     gxx    gyy gzz
    1       1      1A2        20,22      --     --  --
    6       1      1B2        21,22  -0.001 76.956 0.0
    7       1      1B1        20,21 -77.042 -0.001 0.0

-------------------------------
 IMPROVED ACTIVE SPACE BY G-TENSOR
-------------------------------
Initial active space (HOMO = 22 ): [ 8 , 5 ] ; [18, 19, 20, 21, 22]
Final active space (HOMO = 22 ): [ 4 , 3 ] ; [20, 21, 22]
 
------------------------
 EXCITED STATES ANALYSIS
------------------------
Configurations cut-off: 0.5
state config sym hole  part unpairedorb amplitude     e    socc     lk  s2
    1      1 1A2  0.0  7.61       20,22      0.87   0.0     0.0    0.0 2.0
    6      1 1B2 1.49  3.87       21,22      0.95 5.076 761.641 -1.034 2.0
    7      1 1B1 1.52  4.82       20,21      0.95 5.078 772.646  1.021 2.0
    8      1 2B1 0.03 98.69       20,23      0.72 5.368 431.719  0.689 2.0
    8      2 2B1 0.03 98.69 19,20,22,23      0.44 5.368 431.719  0.689 2.0
    9      1 2B2 0.04 99.03       22,23      0.75 5.411 433.713 -0.663 2.0
    9      2 2B2 0.04 99.03 18,20,22,23      0.42 5.411 433.713 -0.663 2.0

States multiplicity: 
- 0 Singlet states:  []
- 0 Doublet states:  []
- 28 Triplet states:  [1, 2, 3, 4, 5, 6, 7, 8, 9, 12, 13, 14, 15, 16, 17, 18, 19, 20, 21, 22, 23, 24, 25, 26, 27, 28, 29, 30]
- 0 Quartet states:  []
- 2 Quintet states:  [10, 11]
 
--------------------------------
 IMPROVED ACTIVE SPACE BY SOC AND L
--------------------------------
Initial active space (HOMO = 22 ): [ 8 , 5 ] ; [18, 19, 20, 21, 22]
Final active space (HOMO = 22 ): [ 8 , 6 ] ; [18, 19, 20, 21, 22, 23]
 
--------------------------------
 SUM-OVER-STATE ANALYSIS
--------------------------------
 state     gxx    gyy    gzz
     1   0.000  0.000  0.000
     2   0.000 -0.000 -0.000
     3  -0.000 -0.000  0.000
     4  -0.000 -0.000 -0.001
     5  -0.000  0.000  0.000
     6  -0.001 76.956  0.000
     7 -77.042 -0.001  0.000
     8 -27.473 -0.000 -0.000
     9  -0.000 26.347  0.000
    10   0.000  0.000  0.000
    11   0.000 -0.000  0.000
    12   7.815  0.000  0.000
    13   0.000 -7.847 -0.000
    14   0.000  6.119  0.000
    15   5.970 -0.000 -0.000
    16  -0.010 -0.000  0.000
    17  -0.000 -0.018  0.000
    18  -0.000  0.000  0.000
    19  -0.093  0.000 -0.000
    20   0.000  0.184  0.000
    21  -0.000 -0.000 -0.000
    22  -0.000  0.000 -0.000
    23  -0.000  0.000  0.000
    24   0.000 -0.644  0.000
    25   0.472  0.000 -0.000
    26  -0.000  0.000 -0.000
    27  -0.000 -0.000 -0.000
    28  -0.164 -0.000  0.000
    29   0.000 -0.838  0.000
    30  -0.000  0.083  0.000

