
---------------------
 G-SHIFT RESULTS
---------------------
File selected:  nbr_4_3.out
States:  [1, 2, 3, 4, 5, 6, 7, 8, 9, 10, 11, 12, 13, 14, 15, 16, 17, 18, 19, 20, 21, 22, 23, 24, 25, 26, 27, 28, 29, 30]
States multiplicity: 
- triplets = 26: [1, 2, 3, 5, 6, 7, 8, 9, 10, 11, 12, 13, 14, 15, 16, 17, 19, 20, 21, 22, 23, 25, 26, 27, 29, 30]
- quintets = 4: [4, 18, 24, 28]
g-factor (x y z dimensions) in ppt: 14.376 -14.538 -0.114

----------------------
 G-TENSOR ANALYSIS
----------------------
cut-offs: 
- g-shift estimation (%): 0.1
- configurations (%):  0
- somos to add to new active space:  [17, 18, 21, 22, 31, 32]

state config. amplitude        somo    gxx    gyy gzz
    1       1     0.998       21,22     --     --  --
    2       1     0.963       18,21 39.659  0.397 0.0
    2       2     0.207       17,21 39.659  0.397 0.0
    2       3     0.108 18,21,22,32 39.659  0.397 0.0
    3       1     0.963       18,22  0.397 39.659 0.0
    3       2     0.207       17,22  0.397 39.659 0.0
    3       3    -0.108 18,21,22,31  0.397 39.659 0.0

------------------------
 EXCITED STATES ANALYSIS
------------------------
cut-offs: 
- configurations (%):  0
- soccs (%):  0
- angular momentum (%):  0

state spin config. amplitude        somo    energy excit. energy  socc          angmom
    1  2.0       1     0.998       21,22 -2626.801           0.0    --              --
    2  2.0       1     0.963       18,21 -2626.642          4.35 315.0  -1.1j,0.01j,0j
    2  2.0       2     0.207       17,21 -2626.642          4.35 315.0  -1.1j,0.01j,0j
    2  2.0       3     0.108 18,21,22,32 -2626.642          4.35 315.0  -1.1j,0.01j,0j
    3  2.0       1     0.963       18,22 -2626.642          4.35 315.0   0.01j,1.1j,0j
    3  2.0       2     0.207       17,22 -2626.642          4.35 315.0   0.01j,1.1j,0j
    3  2.0       3    -0.108 18,21,22,31 -2626.642          4.35 315.0   0.01j,1.1j,0j
    4  6.0       1     0.474 18,21,22,23 -2626.579          6.06   0.0      -0j,-0j,0j
    4  6.0       2    -0.474 18,21,22,23 -2626.579          6.06   0.0      -0j,-0j,0j
    4  6.0       3     0.474 18,21,22,23 -2626.579          6.06   0.0      -0j,-0j,0j
    4  6.0       4    -0.474 18,21,22,23 -2626.579          6.06   0.0      -0j,-0j,0j
    4  6.0       5    -0.106 18,21,22,27 -2626.579          6.06   0.0      -0j,-0j,0j
    4  6.0       6     0.106 18,21,22,27 -2626.579          6.06   0.0      -0j,-0j,0j
    4  6.0       7     0.106 18,21,22,27 -2626.579          6.06   0.0      -0j,-0j,0j
    4  6.0       8    -0.106 18,21,22,27 -2626.579          6.06   0.0      -0j,-0j,0j
    5  2.0       1     0.922       22,23 -2626.545          6.97 269.0    0j,0.17j,-0j
    5  2.0       2    -0.208       22,24 -2626.545          6.97 269.0    0j,0.17j,-0j
    5  2.0       3     0.188       22,27 -2626.545          6.97 269.0    0j,0.17j,-0j
    5  2.0       4     0.183       22,35 -2626.545          6.97 269.0    0j,0.17j,-0j
    5  2.0       5     0.113       17,22 -2626.545          6.97 269.0    0j,0.17j,-0j
    5  2.0       6     -0.11       22,23 -2626.545          6.97 269.0    0j,0.17j,-0j
    6  2.0       1     0.922       21,23 -2626.545          6.97 269.0   0.17j,-0j,-0j
    6  2.0       2    -0.208       21,24 -2626.545          6.97 269.0   0.17j,-0j,-0j
    6  2.0       3     0.188       21,27 -2626.545          6.97 269.0   0.17j,-0j,-0j
    6  2.0       4     0.183       21,35 -2626.545          6.97 269.0   0.17j,-0j,-0j
    6  2.0       5    -0.113       17,21 -2626.545          6.97 269.0   0.17j,-0j,-0j
    6  2.0       6      0.11       21,23 -2626.545          6.97 269.0   0.17j,-0j,-0j
    7  2.0       1     0.629 18,21,22,23 -2626.484          8.64   0.0      0j,-0j,-0j
    7  2.0       2     0.459 18,21,22,23 -2626.484          8.64   0.0      0j,-0j,-0j
    7  2.0       3    -0.459 18,21,22,23 -2626.484          8.64   0.0      0j,-0j,-0j
    7  2.0       4     -0.29 18,21,22,23 -2626.484          8.64   0.0      0j,-0j,-0j
    7  2.0       5     0.106       19,22 -2626.484          8.64   0.0      0j,-0j,-0j
    7  2.0       6    -0.106       20,21 -2626.484          8.64   0.0      0j,-0j,-0j
    7  2.0       7    -0.103 18,21,22,24 -2626.484          8.64   0.0      0j,-0j,-0j
    8  2.0       1     0.643       19,22 -2626.476          8.84   0.0      0j,-0j,-0j
    8  2.0       2     0.642       20,21 -2626.476          8.84   0.0      0j,-0j,-0j
    8  2.0       3     0.279 18,21,22,23 -2626.476          8.84   0.0      0j,-0j,-0j
    8  2.0       4     0.279 18,21,22,23 -2626.476          8.84   0.0      0j,-0j,-0j
    9  2.0       1     0.642       20,22 -2626.476          8.84   0.0      0j,-0j,-0j
    9  2.0       2    -0.642       19,21 -2626.476          8.84   0.0      0j,-0j,-0j
    9  2.0       3     0.279       18,23 -2626.476          8.84   0.0      0j,-0j,-0j
    9  2.0       4    -0.279       18,23 -2626.476          8.84   0.0      0j,-0j,-0j
   10  2.0       1     0.599       20,21 -2626.476          8.85   0.0      0j,-0j,-0j
   10  2.0       2    -0.598       19,22 -2626.476          8.85   0.0      0j,-0j,-0j
   10  2.0       3    -0.435 18,21,22,23 -2626.476          8.85   0.0      0j,-0j,-0j
   10  2.0       4    -0.203 18,21,22,23 -2626.476          8.85   0.0      0j,-0j,-0j
   10  2.0       5     0.116 18,21,22,23 -2626.476          8.85   0.0      0j,-0j,-0j
   10  2.0       6    -0.116 18,21,22,23 -2626.476          8.85   0.0      0j,-0j,-0j
   11  2.0       1     0.705       19,21  -2626.47           9.0 567.0       -0j,0j,0j
   11  2.0       2     0.705       20,22  -2626.47           9.0 567.0       -0j,0j,0j
   12  2.0       1     0.612 18,21,22,23 -2626.463          9.21   0.0       0j,0j,-0j
   12  2.0       2     0.612 18,21,22,23 -2626.463          9.21   0.0       0j,0j,-0j
   12  2.0       3    -0.295       20,21 -2626.463          9.21   0.0       0j,0j,-0j
   12  2.0       4    -0.295       19,22 -2626.463          9.21   0.0       0j,0j,-0j
   12  2.0       5     0.128 18,21,22,27 -2626.463          9.21   0.0       0j,0j,-0j
   12  2.0       6     0.128 18,21,22,27 -2626.463          9.21   0.0       0j,0j,-0j
   12  2.0       7    -0.123 18,21,22,24 -2626.463          9.21   0.0       0j,0j,-0j
   12  2.0       8    -0.123 18,21,22,24 -2626.463          9.21   0.0       0j,0j,-0j
   13  2.0       1     0.612       18,23 -2626.463          9.21   0.0      -0j,-0j,0j
   13  2.0       2    -0.612       18,23 -2626.463          9.21   0.0      -0j,-0j,0j
   13  2.0       3     0.295       19,21 -2626.463          9.21   0.0      -0j,-0j,0j
   13  2.0       4    -0.295       20,22 -2626.463          9.21   0.0      -0j,-0j,0j
   13  2.0       5     0.128       18,27 -2626.463          9.21   0.0      -0j,-0j,0j
   13  2.0       6    -0.128       18,27 -2626.463          9.21   0.0      -0j,-0j,0j
   13  2.0       7    -0.123       18,24 -2626.463          9.21   0.0      -0j,-0j,0j
   13  2.0       8     0.123       18,24 -2626.463          9.21   0.0      -0j,-0j,0j
   14  2.0       1     0.667       18,23 -2626.404         10.81  27.0      -0j,0j,-0j
   14  2.0       2     0.667       18,23 -2626.404         10.81  27.0      -0j,0j,-0j
   14  2.0       3     0.143       18,27 -2626.404         10.81  27.0      -0j,0j,-0j
   14  2.0       4     0.143       18,27 -2626.404         10.81  27.0      -0j,0j,-0j
   14  2.0       5    -0.136       18,24 -2626.404         10.81  27.0      -0j,0j,-0j
   14  2.0       6    -0.136       18,24 -2626.404         10.81  27.0      -0j,0j,-0j
   15  2.0       1     0.625 18,21,22,23 -2626.356         12.13   0.0       0j,0j,-0j
   15  2.0       2     0.501 18,21,22,23 -2626.356         12.13   0.0       0j,0j,-0j
   15  2.0       3     0.328       20,21 -2626.356         12.13   0.0       0j,0j,-0j
   15  2.0       4    -0.328       19,22 -2626.356         12.13   0.0       0j,0j,-0j
   15  2.0       5    -0.226       22,31 -2626.356         12.13   0.0       0j,0j,-0j
   15  2.0       6    -0.226       21,32 -2626.356         12.13   0.0       0j,0j,-0j
   16  2.0       1     0.744       17,22 -2626.331         12.78 136.0    0j,0.03j,-0j
   16  2.0       2    -0.468       22,23 -2626.331         12.78 136.0    0j,0.03j,-0j
   16  2.0       3     0.318       16,22 -2626.331         12.78 136.0    0j,0.03j,-0j
   16  2.0       4    -0.155       22,27 -2626.331         12.78 136.0    0j,0.03j,-0j
   16  2.0       5    -0.155       22,23 -2626.331         12.78 136.0    0j,0.03j,-0j
   16  2.0       6    -0.147       18,22 -2626.331         12.78 136.0    0j,0.03j,-0j
   17  2.0       1     0.744       17,21 -2626.331         12.78 136.0   -0.03j,0j,-0j
   17  2.0       2    -0.468       21,23 -2626.331         12.78 136.0   -0.03j,0j,-0j
   17  2.0       3     0.318       16,21 -2626.331         12.78 136.0   -0.03j,0j,-0j
   17  2.0       4    -0.155       21,27 -2626.331         12.78 136.0   -0.03j,0j,-0j
   17  2.0       5     0.155       21,23 -2626.331         12.78 136.0   -0.03j,0j,-0j
   17  2.0       6    -0.147       18,21 -2626.331         12.78 136.0   -0.03j,0j,-0j
   18  6.0       1     -0.38 18,21,22,24 -2626.237         15.36   0.0      -0j,-0j,0j
   18  6.0       2      0.38 18,21,22,24 -2626.237         15.36   0.0      -0j,-0j,0j
   18  6.0       3      0.38 18,21,22,24 -2626.237         15.36   0.0      -0j,-0j,0j
   18  6.0       4     -0.38 18,21,22,24 -2626.237         15.36   0.0      -0j,-0j,0j
   18  6.0       5    -0.311 18,21,22,27 -2626.237         15.36   0.0      -0j,-0j,0j
   18  6.0       6     0.311 18,21,22,27 -2626.237         15.36   0.0      -0j,-0j,0j
   18  6.0       7    -0.311 18,21,22,27 -2626.237         15.36   0.0      -0j,-0j,0j
   18  6.0       8     0.311 18,21,22,27 -2626.237         15.36   0.0      -0j,-0j,0j
   19  2.0       1    -0.579       22,27 -2626.233         15.47  64.0  0.01j,0.72j,0j
   19  2.0       2     0.476       22,23 -2626.233         15.47  64.0  0.01j,0.72j,0j
   19  2.0       3     0.381       22,28 -2626.233         15.47  64.0  0.01j,0.72j,0j
   19  2.0       4    -0.379       22,24 -2626.233         15.47  64.0  0.01j,0.72j,0j
   19  2.0       5     0.186       17,22 -2626.233         15.47  64.0  0.01j,0.72j,0j
   19  2.0       6    -0.155 18,21,22,31 -2626.233         15.47  64.0  0.01j,0.72j,0j
   19  2.0       7     0.136       16,22 -2626.233         15.47  64.0  0.01j,0.72j,0j
   19  2.0       8     0.125 18,21,22,31 -2626.233         15.47  64.0  0.01j,0.72j,0j
   19  2.0       9    -0.117       20,18 -2626.233         15.47  64.0  0.01j,0.72j,0j
   20  2.0       1     0.579       21,27 -2626.233         15.47  64.0 -0.72j,0.01j,0j
   20  2.0       2     0.476       21,23 -2626.233         15.47  64.0 -0.72j,0.01j,0j
   20  2.0       3    -0.381       21,28 -2626.233         15.47  64.0 -0.72j,0.01j,0j
   20  2.0       4     0.379       21,24 -2626.233         15.47  64.0 -0.72j,0.01j,0j
   20  2.0       5     0.186       17,21 -2626.233         15.47  64.0 -0.72j,0.01j,0j
   20  2.0       6    -0.155 18,21,22,32 -2626.233         15.47  64.0 -0.72j,0.01j,0j
   20  2.0       7     0.136       16,21 -2626.233         15.47  64.0 -0.72j,0.01j,0j
   20  2.0       8    -0.125 18,21,22,32 -2626.233         15.47  64.0 -0.72j,0.01j,0j
   20  2.0       9    -0.117       19,18 -2626.233         15.47  64.0 -0.72j,0.01j,0j
   21  2.0       1     0.628       22,23 -2626.225         15.69 148.0   -0j,-0.72j,0j
   21  2.0       2     0.517       22,27 -2626.225         15.69 148.0   -0j,-0.72j,0j
   21  2.0       3     0.292       17,22 -2626.225         15.69 148.0   -0j,-0.72j,0j
   21  2.0       4     0.277       22,24 -2626.225         15.69 148.0   -0j,-0.72j,0j
   21  2.0       5      0.21       16,22 -2626.225         15.69 148.0   -0j,-0.72j,0j
   21  2.0       6    -0.176       20,18 -2626.225         15.69 148.0   -0j,-0.72j,0j
   21  2.0       7     0.146 18,21,22,31 -2626.225         15.69 148.0   -0j,-0.72j,0j
   21  2.0       8    -0.129       22,28 -2626.225         15.69 148.0   -0j,-0.72j,0j
   21  2.0       9    -0.121       22,24 -2626.225         15.69 148.0   -0j,-0.72j,0j
   21  2.0      10    -0.115       18,32 -2626.225         15.69 148.0   -0j,-0.72j,0j
   21  2.0      11    -0.111 18,21,22,31 -2626.225         15.69 148.0   -0j,-0.72j,0j
   22  2.0       1     0.628       21,23 -2626.225         15.69 148.0    0.72j,-0j,0j
   22  2.0       2    -0.517       21,27 -2626.225         15.69 148.0    0.72j,-0j,0j
   22  2.0       3     0.292       17,21 -2626.225         15.69 148.0    0.72j,-0j,0j
   22  2.0       4    -0.277       21,24 -2626.225         15.69 148.0    0.72j,-0j,0j
   22  2.0       5      0.21       16,21 -2626.225         15.69 148.0    0.72j,-0j,0j
   22  2.0       6    -0.176       19,18 -2626.225         15.69 148.0    0.72j,-0j,0j
   22  2.0       7    -0.146 18,21,22,32 -2626.225         15.69 148.0    0.72j,-0j,0j
   22  2.0       8     0.129       21,28 -2626.225         15.69 148.0    0.72j,-0j,0j
   22  2.0       9    -0.121       21,24 -2626.225         15.69 148.0    0.72j,-0j,0j
   22  2.0      10    -0.115       18,31 -2626.225         15.69 148.0    0.72j,-0j,0j
   22  2.0      11    -0.111 18,21,22,32 -2626.225         15.69 148.0    0.72j,-0j,0j
   23  2.0       1     0.809 18,21,22,24 -2626.204         16.26   0.0      -0j,-0j,0j
   23  2.0       2     0.302 18,21,22,24 -2626.204         16.26   0.0      -0j,-0j,0j
   23  2.0       3    -0.302 18,21,22,24 -2626.204         16.26   0.0      -0j,-0j,0j
   23  2.0       4     0.269 18,21,22,27 -2626.204         16.26   0.0      -0j,-0j,0j
   23  2.0       5     0.205 18,21,22,24 -2626.204         16.26   0.0      -0j,-0j,0j
   24  6.0       1      0.29 18,21,22,24 -2626.203         16.27   0.0      0j,-0j,-0j
   24  6.0       2     -0.29 18,21,22,24 -2626.203         16.27   0.0      0j,-0j,-0j
   24  6.0       3      0.29 18,21,22,24 -2626.203         16.27   0.0      0j,-0j,-0j
   24  6.0       4     -0.29 18,21,22,24 -2626.203         16.27   0.0      0j,-0j,-0j
   24  6.0       5     0.282 18,21,22,27 -2626.203         16.27   0.0      0j,-0j,-0j
   24  6.0       6    -0.282 18,21,22,27 -2626.203         16.27   0.0      0j,-0j,-0j
   24  6.0       7     0.282 18,21,22,27 -2626.203         16.27   0.0      0j,-0j,-0j
   24  6.0       8    -0.282 18,21,22,27 -2626.203         16.27   0.0      0j,-0j,-0j
   24  6.0       9     0.255 18,21,22,28 -2626.203         16.27   0.0      0j,-0j,-0j
   24  6.0      10    -0.255 18,21,22,28 -2626.203         16.27   0.0      0j,-0j,-0j
   24  6.0      11    -0.255 18,21,22,28 -2626.203         16.27   0.0      0j,-0j,-0j
   24  6.0      12     0.255 18,21,22,28 -2626.203         16.27   0.0      0j,-0j,-0j
   24  6.0      13     0.137 18,21,22,23 -2626.203         16.27   0.0      0j,-0j,-0j
   24  6.0      14    -0.137 18,21,22,23 -2626.203         16.27   0.0      0j,-0j,-0j
   24  6.0      15    -0.137 18,21,22,23 -2626.203         16.27   0.0      0j,-0j,-0j
   24  6.0      16     0.137 18,21,22,23 -2626.203         16.27   0.0      0j,-0j,-0j
   25  2.0       1      0.53       22,31 -2626.182         16.86   0.0        0j,0j,0j
   25  2.0       2     -0.53       21,32 -2626.182         16.86   0.0        0j,0j,0j
   25  2.0       3    -0.365       22,25 -2626.182         16.86   0.0        0j,0j,0j
   25  2.0       4    -0.365       21,26 -2626.182         16.86   0.0        0j,0j,0j
   25  2.0       5    -0.219       22,33 -2626.182         16.86   0.0        0j,0j,0j
   25  2.0       6    -0.219       21,34 -2626.182         16.86   0.0        0j,0j,0j
   25  2.0       7     0.127 18,21,22,27 -2626.182         16.86   0.0        0j,0j,0j
   25  2.0       8     0.127 18,21,22,27 -2626.182         16.86   0.0        0j,0j,0j
   26  2.0       1      0.53       22,32 -2626.182         16.86   0.0      -0j,0j,-0j
   26  2.0       2      0.53       21,31 -2626.182         16.86   0.0      -0j,0j,-0j
   26  2.0       3     0.365       22,26 -2626.182         16.86   0.0      -0j,0j,-0j
   26  2.0       4    -0.365       21,25 -2626.182         16.86   0.0      -0j,0j,-0j
   26  2.0       5    -0.219       21,33 -2626.182         16.86   0.0      -0j,0j,-0j
   26  2.0       6     0.219       22,34 -2626.182         16.86   0.0      -0j,0j,-0j
   26  2.0       7    -0.127       18,27 -2626.182         16.86   0.0      -0j,0j,-0j
   26  2.0       8     0.127       18,27 -2626.182         16.86   0.0      -0j,0j,-0j
   27  2.0       1       0.5 18,21,22,27 -2626.177          17.0   0.0      0j,-0j,-0j
   27  2.0       2    -0.393 18,21,22,28 -2626.177          17.0   0.0      0j,-0j,-0j
   27  2.0       3    -0.308       21,32 -2626.177          17.0   0.0      0j,-0j,-0j
   27  2.0       4    -0.308       22,31 -2626.177          17.0   0.0      0j,-0j,-0j
   27  2.0       5     -0.27       21,26 -2626.177          17.0   0.0      0j,-0j,-0j
   27  2.0       6      0.27       22,25 -2626.177          17.0   0.0      0j,-0j,-0j
   27  2.0       7     0.228 18,21,22,27 -2626.177          17.0   0.0      0j,-0j,-0j
   27  2.0       8    -0.228 18,21,22,27 -2626.177          17.0   0.0      0j,-0j,-0j
   27  2.0       9    -0.155 18,21,22,23 -2626.177          17.0   0.0      0j,-0j,-0j
   27  2.0      10    -0.154 18,21,22,28 -2626.177          17.0   0.0      0j,-0j,-0j
   27  2.0      11     0.154 18,21,22,28 -2626.177          17.0   0.0      0j,-0j,-0j
   27  2.0      12    -0.129       21,34 -2626.177          17.0   0.0      0j,-0j,-0j
   27  2.0      13     0.129       22,33 -2626.177          17.0   0.0      0j,-0j,-0j
   28  6.0       1    -0.419 18,21,22,28 -2626.172         17.12   0.0       -0j,0j,0j
   28  6.0       2     0.419 18,21,22,28 -2626.172         17.12   0.0       -0j,0j,0j
   28  6.0       3    -0.419 18,21,22,28 -2626.172         17.12   0.0       -0j,0j,0j
   28  6.0       4     0.419 18,21,22,28 -2626.172         17.12   0.0       -0j,0j,0j
   28  6.0       5     0.241 18,21,22,27 -2626.172         17.12   0.0       -0j,0j,0j
   28  6.0       6    -0.241 18,21,22,27 -2626.172         17.12   0.0       -0j,0j,0j
   28  6.0       7    -0.241 18,21,22,27 -2626.172         17.12   0.0       -0j,0j,0j
   28  6.0       8     0.241 18,21,22,27 -2626.172         17.12   0.0       -0j,0j,0j
   29  2.0       1     0.846 18,21,22,26 -2626.172         17.14 348.0 -0.27j,0.01j,0j
   29  2.0       2    -0.316 18,21,22,26 -2626.172         17.14 348.0 -0.27j,0.01j,0j
   29  2.0       3     0.266 18,21,22,26 -2626.172         17.14 348.0 -0.27j,0.01j,0j
   29  2.0       4     0.264 18,21,22,26 -2626.172         17.14 348.0 -0.27j,0.01j,0j
   30  2.0       1     0.846 18,21,22,25 -2626.172         17.14 348.0 0.01j,0.27j,-0j
   30  2.0       2     0.316 18,21,22,25 -2626.172         17.14 348.0 0.01j,0.27j,-0j
   30  2.0       3    -0.266 18,21,22,25 -2626.172         17.14 348.0 0.01j,0.27j,-0j
   30  2.0       4     0.264 18,21,22,25 -2626.172         17.14 348.0 0.01j,0.27j,-0j
------------------------------
 SUM-OVER-STATE ANALYSIS
------------------------------
Technique used: Effective Hamiltonian
cut-offs g-value (%):  0.5
 state    gxx     gyy    gzz
     2 14.020  -0.042 -0.040
     3 -0.039 -14.020 -0.040
     4  0.000   0.000  0.000
     5 -0.012   1.147 -0.011
     6 -1.147  -0.011 -0.011
     7  0.000   0.000  0.000
     8  0.000   0.000  0.000
     9 -0.000  -0.000  0.000
    10  0.000   0.000  0.000
    11 -0.031  -0.031 -0.000
    12  0.000   0.000  0.000
    13 -0.000  -0.000 -0.000
    14 -0.000  -0.000 -0.000
    15  0.000   0.000  0.000
    16 -0.001   0.050 -0.001
    17 -0.050  -0.001 -0.001
    18  0.000   0.000  0.000
    19 -0.000   0.522 -0.000
    20 -0.522  -0.000 -0.000
    21 -0.001  -1.189 -0.001
    22  1.189  -0.001 -0.001
    23  0.000   0.000  0.000
    24  0.000   0.000  0.000
    25 -0.000  -0.000  0.000
    26 -0.000  -0.000 -0.000
    27  0.000   0.000  0.000
    28  0.000   0.000  0.000
    29  0.967  -0.005 -0.003
    30 -0.002  -0.967 -0.003

