
---------------------
 G-SHIFT RESULTS
---------------------
File selected:  nbr_tddft.out
States:  [1, 2, 3, 4, 5, 6, 7, 8, 9, 10, 11, 12, 13, 14, 15, 16, 17, 18, 19, 20, 21, 22, 23, 24, 25, 26, 27, 28, 29, 30, 31, 32, 33, 34, 35, 36, 37, 38, 39, 40, 41, 42, 43, 44, 45, 46, 47, 48, 49, 50, 51, 52, 53, 54, 55, 56, 57, 58, 59, 60, 61, 62, 63, 64, 65, 66, 67, 68, 69, 70, 71, 72, 73, 74, 75, 76, 77, 78, 79, 80, 81, 82, 83, 84, 85, 86, 87, 88, 89, 90, 91, 92, 93, 94, 95, 96, 97, 98, 99, 100, 101]
States multiplicity: 
- triplets = 98: [1, 2, 3, 4, 5, 6, 7, 8, 9, 11, 12, 13, 14, 15, 16, 17, 18, 19, 20, 21, 22, 23, 24, 25, 26, 27, 28, 29, 30, 31, 32, 33, 34, 35, 36, 37, 38, 39, 40, 41, 42, 43, 44, 45, 46, 47, 48, 49, 50, 51, 52, 53, 54, 55, 56, 57, 58, 59, 60, 61, 62, 63, 64, 65, 66, 67, 68, 69, 70, 71, 72, 73, 74, 75, 76, 77, 78, 79, 80, 81, 84, 85, 86, 87, 88, 89, 90, 91, 92, 93, 94, 95, 96, 97, 98, 99, 100, 101]
- quintets = 3: [10, 82, 83]
g-factor (x y z dimensions) in ppt: -15.357 -14.916 -1.238

----------------------
 G-TENSOR ANALYSIS
----------------------
cut-offs: 
- g-shift estimation (%): 0.1
- configurations (%):  0
- somos to add to new active space:  [1, 2, 17, 18, 19, 20, 21, 22, 23, 24, 25, 26, 27, 28, 29]

state config. amplitude        somo    gxx    gyy gzz
    1       2       1.0       21,22     --     --  --
    2       2     0.983  2,21,22,23 10.618    0.0 0.0
    3       2     0.983  1,21,22,23    0.0 10.618 0.0
    7       2     0.985       18,22    0.0 37.137 0.0
    8       2     0.985       18,21 37.137    0.0 0.0
   11       2     0.889       20,22 19.559    0.0 0.0
   11       3    -0.441 20,21,22,23 19.559    0.0 0.0
   12       2     0.889       19,22    0.0 19.559 0.0
   12       3    -0.441 19,21,22,23    0.0 19.559 0.0
   13       2     0.888 20,21,22,23 11.404    0.0 0.0
   13       3      0.44       20,22 11.404    0.0 0.0
   14       2     0.888 19,21,22,23    0.0 11.404 0.0
   14       3      0.44       19,22    0.0 11.404 0.0
   16       2     0.989  2,21,22,24 12.566    0.0 0.0
   17       2     0.989  1,21,22,24    0.0 12.566 0.0
   26       2     0.977  2,21,22,27 22.245    0.0 0.0
   27       2     0.977  1,21,22,27    0.0 22.245 0.0
   30       2     0.579       19,21    0.0  9.075 0.0
   30       3    -0.495  2,21,22,29    0.0  9.075 0.0
   30       4     0.488  1,21,22,28    0.0  9.075 0.0
   30       5    -0.244 20,21,22,27    0.0  9.075 0.0
   30       6    -0.243 19,21,22,26    0.0  9.075 0.0
   30       7    -0.174       17,22    0.0  9.075 0.0
   31       2     0.579       20,21  9.075    0.0 0.0
   31       3    -0.495  1,21,22,29  9.075    0.0 0.0
   31       4    -0.488  2,21,22,28  9.075    0.0 0.0
   31       5    -0.244 19,21,22,27  9.075    0.0 0.0
   31       6     0.243 20,21,22,26  9.075    0.0 0.0
   31       7    -0.174       17,21  9.075    0.0 0.0
   53       2     0.464 20,21,22,27    0.0  9.126 0.0
   53       3     0.458 19,21,22,26    0.0  9.126 0.0
   53       4    -0.396 18,21,22,25    0.0  9.126 0.0
   53       5     0.353 19,21,22,28    0.0  9.126 0.0
   53       6    -0.352 20,21,22,29    0.0  9.126 0.0
   53       7    -0.208  2,21,22,29    0.0  9.126 0.0
   53       8     0.206  1,21,22,28    0.0  9.126 0.0
   53       9    -0.181 19,21,22,24    0.0  9.126 0.0
   54       2     0.464 19,21,22,27  9.126    0.0 0.0
   54       3    -0.458 20,21,22,26  9.126    0.0 0.0
   54       4    -0.396 18,21,22,26  9.126    0.0 0.0
   54       5    -0.353 20,21,22,28  9.126    0.0 0.0
   54       6    -0.352 19,21,22,29  9.126    0.0 0.0
   54       7    -0.208  1,21,22,29  9.126    0.0 0.0
   54       8    -0.206  2,21,22,28  9.126    0.0 0.0
   54       9    -0.181 20,21,22,24  9.126    0.0 0.0
   67       2     0.946 20,21,22,27  5.885    0.0 0.0
   67       3     0.159 20,21,22,28  5.885    0.0 0.0
   67       4     0.151 20,21,22,25  5.885    0.0 0.0
   68       2     0.946 19,21,22,27    0.0  5.885 0.0
   68       3    -0.159 19,21,22,28    0.0  5.885 0.0
   68       4     0.151 19,21,22,25    0.0  5.885 0.0

------------------------
 EXCITED STATES ANALYSIS
------------------------
cut-offs: 
- configurations (%):  0
- soccs (%):  0
- angular momentum (%):  0

state         spin config. amplitude        somo   energy excit. energy   socc         angmom
    1 2.0103731587       2       1.0       21,22 -2628.84           0.0     --             --
    2       2.1524       2     0.983  2,21,22,23 -2628.67        4.4974  833.0  -0.12j,0j,-0j
    3       2.1524       2     0.983  1,21,22,23 -2628.67        4.4974  833.0   0j,0.12j,-0j
    4       2.0246       2    -0.707       19,22 -2628.67        4.6806    0.0    -0j,-0j,-0j
    4       2.0246       3     0.707       20,21 -2628.67        4.6806    0.0    -0j,-0j,-0j
    5       2.0246       2     0.707       19,21 -2628.67        4.6807    0.0    -0j,-0j,-0j
    5       2.0246       3     0.707       20,22 -2628.67        4.6807    0.0    -0j,-0j,-0j
    6       2.0229       2     0.707       19,21 -2628.66        4.8021  931.0     -0j,-0j,0j
    6       2.0229       3    -0.707       20,22 -2628.66        4.8021  931.0     -0j,-0j,0j
    7       2.0381       2     0.985       18,22 -2628.66        4.8928  335.0  0j,-1.09j,-0j
    8       2.0381       2     0.985       18,21 -2628.66        4.8928  335.0    1.09j,0j,0j
    9       2.0321       2     0.646       19,22 -2628.63        5.6314    0.0     0j,-0j,-0j
    9       2.0321       3     0.646       20,21 -2628.63        5.6314    0.0     0j,-0j,-0j
    9       2.0321       4      -0.3 18,21,22,23 -2628.63        5.6314    0.0     0j,-0j,-0j
    9       2.0321       5     0.231       18,22 -2628.63        5.6314    0.0     0j,-0j,-0j
   10       3.9874       2     0.747       18,22 -2628.58        7.0408    0.0      0j,0j,-0j
   10       3.9874       3     0.653 18,21,22,23 -2628.58        7.0408    0.0      0j,0j,-0j
   11       3.6642       2     0.889       20,22 -2628.58         7.078 1113.0    0.25j,0j,0j
   11       3.6642       3    -0.441 20,21,22,23 -2628.58         7.078 1113.0    0.25j,0j,0j
   12       3.6642       2     0.889       19,22 -2628.58         7.078 1113.0   0j,-0.25j,0j
   12       3.6642       3    -0.441 19,21,22,23 -2628.58         7.078 1113.0   0j,-0.25j,0j
   13       2.1757       2     0.888 20,21,22,23 -2628.54          8.12  329.0  0.57j,-0j,-0j
   13       2.1757       3      0.44       20,22 -2628.54          8.12  329.0  0.57j,-0j,-0j
   14       2.1757       2     0.888 19,21,22,23 -2628.54          8.12  329.0  -0j,-0.57j,0j
   14       2.1757       3      0.44       19,22 -2628.54          8.12  329.0  -0j,-0.57j,0j
   15       2.0459       2     0.621 18,21,22,23 -2628.45       10.6314    0.0       0j,0j,0j
   15       2.0459       3    -0.551       18,22 -2628.45       10.6314    0.0       0j,0j,0j
   15       2.0459       4     0.292  1,21,22,31 -2628.45       10.6314    0.0       0j,0j,0j
   15       2.0459       5     0.292  2,21,22,32 -2628.45       10.6314    0.0       0j,0j,0j
   15       2.0459       6     0.192       19,22 -2628.45       10.6314    0.0       0j,0j,0j
   15       2.0459       7     0.192       20,21 -2628.45       10.6314    0.0       0j,0j,0j
   16        2.296       2     0.989  2,21,22,24 -2628.42       11.2299  582.0   -0.49j,0j,0j
   17        2.296       2     0.989  1,21,22,24 -2628.42       11.2299  582.0    0j,0.49j,0j
   18        2.305       2     0.702  1,21,22,26 -2628.39        12.298    0.0       0j,0j,0j
   18        2.305       3     0.702  2,21,22,25 -2628.39        12.298    0.0       0j,0j,0j
   19       2.3052       2     0.702  1,21,22,25 -2628.39       12.2985    0.0      0j,0j,-0j
   19       2.3052       3    -0.702  2,21,22,26 -2628.39       12.2985    0.0      0j,0j,-0j
   20       2.5761       2      0.66  1,21,22,25 -2628.38       12.3734    0.0     -0j,0j,-0j
   20       2.5761       3      0.66  2,21,22,26 -2628.38       12.3734    0.0     -0j,0j,-0j
   20       2.5761       4    -0.225 19,21,22,23 -2628.38       12.3734    0.0     -0j,0j,-0j
   20       2.5761       5     0.225 20,21,22,24 -2628.38       12.3734    0.0     -0j,0j,-0j
   21       2.2052       2     0.706  1,21,22,26 -2628.38        12.458 1100.0      -0j,0j,0j
   21       2.2052       3    -0.706  2,21,22,25 -2628.38        12.458 1100.0      -0j,0j,0j
   22       2.0744       2     0.938       17,22 -2628.38       12.4657  182.0   0j,0.32j,-0j
   22       2.0744       3      0.16  1,21,22,28 -2628.38       12.4657  182.0   0j,0.32j,-0j
   22       2.0744       4    -0.158  2,21,22,29 -2628.38       12.4657  182.0   0j,0.32j,-0j
   23       2.0744       2     0.938       17,21 -2628.38       12.4657  182.0   -0.32j,0j,0j
   23       2.0744       3     -0.16  2,21,22,28 -2628.38       12.4657  182.0   -0.32j,0j,0j
   23       2.0744       4    -0.158  1,21,22,29 -2628.38       12.4657  182.0   -0.32j,0j,0j
   24       2.5032       2     0.695  2,21,22,28 -2628.36       13.0021    2.0   0.01j,0j,-0j
   24       2.5032       3     -0.68  1,21,22,29 -2628.36       13.0021    2.0   0.01j,0j,-0j
   25       2.5032       2     0.695  1,21,22,28 -2628.36       13.0021    2.0  -0j,0.01j,-0j
   25       2.5032       3      0.68  2,21,22,29 -2628.36       13.0021    2.0  -0j,0.01j,-0j
   26       2.1712       2     0.977  2,21,22,27 -2628.36       13.0792  748.0  -0.78j,0j,-0j
   27       2.1712       2     0.977  1,21,22,27 -2628.36       13.0792  748.0   0j,0.78j,-0j
   28       2.9318       2     0.784       20,21 -2628.35       13.1433  262.0   0.31j,-0j,0j
   28       2.9318       3     0.392  1,21,22,29 -2628.35       13.1433  262.0   0.31j,-0j,0j
   28       2.9318       4     0.374  2,21,22,28 -2628.35       13.1433  262.0   0.31j,-0j,0j
   29       2.9318       2     0.784       19,21 -2628.35       13.1433  262.0  -0j,-0.31j,0j
   29       2.9318       3     0.392  2,21,22,29 -2628.35       13.1433  262.0  -0j,-0.31j,0j
   29       2.9318       4    -0.374  1,21,22,28 -2628.35       13.1433  262.0  -0j,-0.31j,0j
   30       2.7582       2     0.579       19,21 -2628.34       13.5465  451.0   0j,0.55j,-0j
   30       2.7582       3    -0.495  2,21,22,29 -2628.34       13.5465  451.0   0j,0.55j,-0j
   30       2.7582       4     0.488  1,21,22,28 -2628.34       13.5465  451.0   0j,0.55j,-0j
   30       2.7582       5    -0.244 20,21,22,27 -2628.34       13.5465  451.0   0j,0.55j,-0j
   30       2.7582       6    -0.243 19,21,22,26 -2628.34       13.5465  451.0   0j,0.55j,-0j
   30       2.7582       7    -0.174       17,22 -2628.34       13.5465  451.0   0j,0.55j,-0j
   31       2.7582       2     0.579       20,21 -2628.34       13.5465  451.0  -0.55j,0j,-0j
   31       2.7582       3    -0.495  1,21,22,29 -2628.34       13.5465  451.0  -0.55j,0j,-0j
   31       2.7582       4    -0.488  2,21,22,28 -2628.34       13.5465  451.0  -0.55j,0j,-0j
   31       2.7582       5    -0.244 19,21,22,27 -2628.34       13.5465  451.0  -0.55j,0j,-0j
   31       2.7582       6     0.243 20,21,22,26 -2628.34       13.5465  451.0  -0.55j,0j,-0j
   31       2.7582       7    -0.174       17,21 -2628.34       13.5465  451.0  -0.55j,0j,-0j
   32       3.4188       2      0.87       18,21 -2628.32       14.0301    0.0      -0j,0j,0j
   32       3.4188       3     -0.25       17,22 -2628.32       14.0301    0.0      -0j,0j,0j
   32       3.4188       4     -0.19 18,21,22,24 -2628.32       14.0301    0.0      -0j,0j,0j
   32       3.4188       5    -0.176 17,21,22,23 -2628.32       14.0301    0.0      -0j,0j,0j
   32       3.4188       6    -0.156 19,21,22,23 -2628.32       14.0301    0.0      -0j,0j,0j
   32       3.4188       7     0.156 20,21,22,24 -2628.32       14.0301    0.0      -0j,0j,0j
   33       2.3326       2     0.664  1,21,22,32 -2628.32        14.059    0.0     -0j,0j,-0j
   33       2.3326       3     0.664  2,21,22,31 -2628.32        14.059    0.0     -0j,0j,-0j
   33       2.3326       4     0.215 19,21,22,24 -2628.32        14.059    0.0     -0j,0j,-0j
   33       2.3326       5    -0.215 20,21,22,23 -2628.32        14.059    0.0     -0j,0j,-0j
   34        2.332       2    -0.664  1,21,22,31 -2628.32       14.0595    0.0       0j,0j,0j
   34        2.332       3     0.664  2,21,22,32 -2628.32       14.0595    0.0       0j,0j,0j
   34        2.332       4     0.215 19,21,22,23 -2628.32       14.0595    0.0       0j,0j,0j
   34        2.332       5     0.215 20,21,22,24 -2628.32       14.0595    0.0       0j,0j,0j
   35       2.9479       2    -0.667 19,21,22,24 -2628.31       14.2401    0.0     -0j,-0j,0j
   35       2.9479       3     0.667 20,21,22,23 -2628.31       14.2401    0.0     -0j,-0j,0j
   35       2.9479       4     0.224  1,21,22,32 -2628.31       14.2401    0.0     -0j,-0j,0j
   35       2.9479       5     0.224  2,21,22,31 -2628.31       14.2401    0.0     -0j,-0j,0j
   36       2.9485       2     0.667 19,21,22,23 -2628.31       14.2401    0.0     0j,-0j,-0j
   36       2.9485       3     0.667 20,21,22,24 -2628.31       14.2401    0.0     0j,-0j,-0j
   36       2.9485       4     0.223  1,21,22,31 -2628.31       14.2401    0.0     0j,-0j,-0j
   36       2.9485       5    -0.223  2,21,22,32 -2628.31       14.2401    0.0     0j,-0j,-0j
   37       2.1569       2      0.97  2,21,22,30 -2628.31        14.246  413.0      0j,0j,-0j
   38       2.1569       2      0.97  1,21,22,30 -2628.31        14.246  413.0      0j,-0j,0j
   39       3.4171       2     0.614       17,22 -2628.31       14.3093    0.0      0j,0j,-0j
   39       3.4171       3     0.371       18,21 -2628.31       14.3093    0.0      0j,0j,-0j
   39       3.4171       4     0.259 17,21,22,23 -2628.31       14.3093    0.0      0j,0j,-0j
   39       3.4171       5     -0.23 18,21,22,24 -2628.31       14.3093    0.0      0j,0j,-0j
   39       3.4171       6    -0.223  1,21,22,31 -2628.31       14.3093    0.0      0j,0j,-0j
   39       3.4171       7    -0.223  2,21,22,32 -2628.31       14.3093    0.0      0j,0j,-0j
   39       3.4171       8     0.197 19,21,22,23 -2628.31       14.3093    0.0      0j,0j,-0j
   39       3.4171       9    -0.197 20,21,22,24 -2628.31       14.3093    0.0      0j,0j,-0j
   39       3.4171      10     0.193 19,21,22,25 -2628.31       14.3093    0.0      0j,0j,-0j
   39       3.4171      11     0.193 20,21,22,26 -2628.31       14.3093    0.0      0j,0j,-0j
   40       2.1542       2     0.705  1,21,22,32 -2628.31       14.3122   52.0      0j,0j,-0j
   40       2.1542       3    -0.705  2,21,22,31 -2628.31       14.3122   52.0      0j,0j,-0j
   41        3.008       2     0.707 19,21,22,24 -2628.31       14.4079 1290.0    -0j,-0j,-0j
   41        3.008       3     0.707 20,21,22,23 -2628.31       14.4079 1290.0    -0j,-0j,-0j
   42       3.0552       2     0.536 18,21,22,24  -2628.3       14.5053    0.0       0j,0j,0j
   42       3.0552       3     0.467       17,22  -2628.3       14.5053    0.0       0j,0j,0j
   42       3.0552       4    -0.434 19,21,22,23  -2628.3       14.5053    0.0       0j,0j,0j
   42       3.0552       5     0.434 20,21,22,24  -2628.3       14.5053    0.0       0j,0j,0j
   43       2.6615       2     0.955 20,21,22,24 -2628.29       14.7633   78.0   -0.12j,0j,0j
   44       2.6615       2     0.955 19,21,22,24 -2628.29       14.7633   78.0   0j,0.12j,-0j
   45       2.7947       2     0.693 18,21,22,24 -2628.29       15.0211    0.0     -0j,0j,-0j
   45       2.7947       3     0.277 19,21,22,23 -2628.29       15.0211    0.0     -0j,0j,-0j
   45       2.7947       4    -0.277 20,21,22,24 -2628.29       15.0211    0.0     -0j,0j,-0j
   45       2.7947       5      0.26 19,21,22,25 -2628.29       15.0211    0.0     -0j,0j,-0j
   45       2.7947       6      0.26 20,21,22,26 -2628.29       15.0211    0.0     -0j,0j,-0j
   45       2.7947       7     0.241  1,21,22,31 -2628.29       15.0211    0.0     -0j,0j,-0j
   45       2.7947       8     0.241  2,21,22,32 -2628.29       15.0211    0.0     -0j,0j,-0j
   45       2.7947       9      0.18       18,21 -2628.29       15.0211    0.0     -0j,0j,-0j
   46       3.0711       2     0.682 20,21,22,26 -2628.28       15.0642    1.0      0j,-0j,0j
   46       3.0711       3     0.678 19,21,22,27 -2628.28       15.0642    1.0      0j,-0j,0j
   46       3.0711       4     0.153  2,21,22,28 -2628.28       15.0642    1.0      0j,-0j,0j
   46       3.0711       5    -0.151  1,21,22,29 -2628.28       15.0642    1.0      0j,-0j,0j
   47       3.0711       2     0.682 19,21,22,26 -2628.28       15.0642    1.0      0j,0j,-0j
   47       3.0711       3    -0.678 20,21,22,27 -2628.28       15.0642    1.0      0j,0j,-0j
   47       3.0711       4     0.153  1,21,22,28 -2628.28       15.0642    1.0      0j,0j,-0j
   47       3.0711       5     0.151  2,21,22,29 -2628.28       15.0642    1.0      0j,0j,-0j
   48       3.2304       2     0.944 18,21,22,23 -2628.28       15.1508  495.0   0j,-0.19j,0j
   48       3.2304       3     0.277 19,21,22,25 -2628.28       15.1508  495.0   0j,-0.19j,0j
   49       3.2304       2     0.944 18,21,22,24 -2628.28       15.1508  495.0  -0.19j,-0j,0j
   49       3.2304       3    -0.277 20,21,22,25 -2628.28       15.1508  495.0  -0.19j,-0j,0j
   50       3.0826       2      0.63 18,21,22,25 -2628.27        15.328    0.0    -0j,-0j,-0j
   50       3.0826       3     0.394 17,21,22,23 -2628.27        15.328    0.0    -0j,-0j,-0j
   50       3.0826       4     0.308  1,21,22,31 -2628.27        15.328    0.0    -0j,-0j,-0j
   50       3.0826       5     0.308  2,21,22,32 -2628.27        15.328    0.0    -0j,-0j,-0j
   50       3.0826       6    -0.305 18,21,22,24 -2628.27        15.328    0.0    -0j,-0j,-0j
   50       3.0826       7     0.213 18,21,22,28 -2628.27        15.328    0.0    -0j,-0j,-0j
   50       3.0826       8     0.211       17,22 -2628.27        15.328    0.0    -0j,-0j,-0j
   51       3.2145       2     0.919 20,21,22,25 -2628.27       15.4087 1121.0  -0.08j,-0j,0j
   51       3.2145       3     0.277 18,21,22,24 -2628.27       15.4087 1121.0  -0.08j,-0j,0j
   51       3.2145       4    -0.151 20,21,22,27 -2628.27       15.4087 1121.0  -0.08j,-0j,0j
   52       3.2145       2     0.919 19,21,22,25 -2628.27       15.4087 1121.0  -0j,0.08j,-0j
   52       3.2145       3    -0.277 18,21,22,23 -2628.27       15.4087 1121.0  -0j,0.08j,-0j
   52       3.2145       4    -0.151 19,21,22,27 -2628.27       15.4087 1121.0  -0j,0.08j,-0j
   53       3.2219       2     0.464 20,21,22,27 -2628.26       15.7467  471.0  -0j,0.61j,-0j
   53       3.2219       3     0.458 19,21,22,26 -2628.26       15.7467  471.0  -0j,0.61j,-0j
   53       3.2219       4    -0.396 18,21,22,25 -2628.26       15.7467  471.0  -0j,0.61j,-0j
   53       3.2219       5     0.353 19,21,22,28 -2628.26       15.7467  471.0  -0j,0.61j,-0j
   53       3.2219       6    -0.352 20,21,22,29 -2628.26       15.7467  471.0  -0j,0.61j,-0j
   53       3.2219       7    -0.208  2,21,22,29 -2628.26       15.7467  471.0  -0j,0.61j,-0j
   53       3.2219       8     0.206  1,21,22,28 -2628.26       15.7467  471.0  -0j,0.61j,-0j
   53       3.2219       9    -0.181 19,21,22,24 -2628.26       15.7467  471.0  -0j,0.61j,-0j
   54       3.2219       2     0.464 19,21,22,27 -2628.26       15.7467  471.0 -0.61j,-0j,-0j
   54       3.2219       3    -0.458 20,21,22,26 -2628.26       15.7467  471.0 -0.61j,-0j,-0j
   54       3.2219       4    -0.396 18,21,22,26 -2628.26       15.7467  471.0 -0.61j,-0j,-0j
   54       3.2219       5    -0.353 20,21,22,28 -2628.26       15.7467  471.0 -0.61j,-0j,-0j
   54       3.2219       6    -0.352 19,21,22,29 -2628.26       15.7467  471.0 -0.61j,-0j,-0j
   54       3.2219       7    -0.208  1,21,22,29 -2628.26       15.7467  471.0 -0.61j,-0j,-0j
   54       3.2219       8    -0.206  2,21,22,28 -2628.26       15.7467  471.0 -0.61j,-0j,-0j
   54       3.2219       9    -0.181 20,21,22,24 -2628.26       15.7467  471.0 -0.61j,-0j,-0j
   55        2.627       2     0.692 19,21,22,25 -2628.26       15.7883    0.0     0j,-0j,-0j
   55        2.627       3    -0.692 20,21,22,26 -2628.26       15.7883    0.0     0j,-0j,-0j
   56        2.627       2     0.692 19,21,22,26 -2628.26       15.7887    0.0    -0j,-0j,-0j
   56        2.627       3     0.692 20,21,22,25 -2628.26       15.7887    0.0    -0j,-0j,-0j
   57       3.6593       2     0.514 18,21,22,27 -2628.25       15.8827    0.0     -0j,-0j,0j
   57       3.6593       3     0.407 18,21,22,25 -2628.25       15.8827    0.0     -0j,-0j,0j
   57       3.6593       4    -0.313 19,21,22,29 -2628.25       15.8827    0.0     -0j,-0j,0j
   57       3.6593       5    -0.313 20,21,22,30 -2628.25       15.8827    0.0     -0j,-0j,0j
   57       3.6593       6    -0.212  1,21,22,33 -2628.25       15.8827    0.0     -0j,-0j,0j
   57       3.6593       7    -0.212  2,21,22,34 -2628.25       15.8827    0.0     -0j,-0j,0j
   57       3.6593       8    -0.209       17,22 -2628.25       15.8827    0.0     -0j,-0j,0j
   57       3.6593       9     0.186 19,21,22,31 -2628.25       15.8827    0.0     -0j,-0j,0j
   57       3.6593      10     0.186 20,21,22,32 -2628.25       15.8827    0.0     -0j,-0j,0j
   57       3.6593      11    -0.168  1,21,22,31 -2628.25       15.8827    0.0     -0j,-0j,0j
   57       3.6593      12    -0.168  2,21,22,32 -2628.25       15.8827    0.0     -0j,-0j,0j
   58       2.8047       2     0.701 19,21,22,26 -2628.25       15.8827  956.0      0j,0j,-0j
   58       2.8047       3    -0.701 20,21,22,25 -2628.25       15.8827  956.0      0j,0j,-0j
   59       2.8317       2       0.9 18,21,22,25 -2628.25       15.9903  532.0  -0j,0.08j,-0j
   59       2.8317       3     0.205 19,21,22,28 -2628.25       15.9903  532.0  -0j,0.08j,-0j
   59       2.8317       4    -0.204 20,21,22,29 -2628.25       15.9903  532.0  -0j,0.08j,-0j
   59       2.8317       5     0.156 20,21,22,27 -2628.25       15.9903  532.0  -0j,0.08j,-0j
   59       2.8317       6     0.154 19,21,22,26 -2628.25       15.9903  532.0  -0j,0.08j,-0j
   60       2.8317       2       0.9 18,21,22,26 -2628.25       15.9903  532.0 -0.08j,-0j,-0j
   60       2.8317       3    -0.205 20,21,22,28 -2628.25       15.9903  532.0 -0.08j,-0j,-0j
   60       2.8317       4    -0.204 19,21,22,29 -2628.25       15.9903  532.0 -0.08j,-0j,-0j
   60       2.8317       5     0.156 19,21,22,27 -2628.25       15.9903  532.0 -0.08j,-0j,-0j
   60       2.8317       6    -0.154 20,21,22,26 -2628.25       15.9903  532.0 -0.08j,-0j,-0j
   61       3.0091       2     0.453 17,21,22,23 -2628.24       16.1377    0.0     -0j,-0j,0j
   61       3.0091       3    -0.359 19,21,22,29 -2628.24       16.1377    0.0     -0j,-0j,0j
   61       3.0091       4    -0.359 20,21,22,30 -2628.24       16.1377    0.0     -0j,-0j,0j
   61       3.0091       5    -0.338 18,21,22,25 -2628.24       16.1377    0.0     -0j,-0j,0j
   61       3.0091       6    -0.253 18,21,22,27 -2628.24       16.1377    0.0     -0j,-0j,0j
   61       3.0091       7     0.251 18,21,22,28 -2628.24       16.1377    0.0     -0j,-0j,0j
   61       3.0091       8     -0.24  1,21,22,33 -2628.24       16.1377    0.0     -0j,-0j,0j
   61       3.0091       9     -0.24  2,21,22,34 -2628.24       16.1377    0.0     -0j,-0j,0j
   61       3.0091      10    -0.187 19,21,22,25 -2628.24       16.1377    0.0     -0j,-0j,0j
   61       3.0091      11    -0.187 20,21,22,26 -2628.24       16.1377    0.0     -0j,-0j,0j
   61       3.0091      12     0.154 19,21,22,31 -2628.24       16.1377    0.0     -0j,-0j,0j
   61       3.0091      13     0.154 20,21,22,32 -2628.24       16.1377    0.0     -0j,-0j,0j
   62       3.3596       2     0.831 18,21,22,26 -2628.24       16.1561    0.0     -0j,-0j,0j
   62       3.3596       3    -0.234  1,21,22,33 -2628.24       16.1561    0.0     -0j,-0j,0j
   62       3.3596       4     0.234  2,21,22,34 -2628.24       16.1561    0.0     -0j,-0j,0j
   62       3.3596       5     -0.22 19,21,22,29 -2628.24       16.1561    0.0     -0j,-0j,0j
   62       3.3596       6      0.22 20,21,22,30 -2628.24       16.1561    0.0     -0j,-0j,0j
   62       3.3596       7    -0.203 18,21,22,28 -2628.24       16.1561    0.0     -0j,-0j,0j
   62       3.3596       8     0.161 19,21,22,31 -2628.24       16.1561    0.0     -0j,-0j,0j
   62       3.3596       9    -0.161 20,21,22,32 -2628.24       16.1561    0.0     -0j,-0j,0j
   63       3.3578       2     0.826 18,21,22,27 -2628.24        16.161    0.0      -0j,0j,0j
   63       3.3578       3    -0.238  1,21,22,34 -2628.24        16.161    0.0      -0j,0j,0j
   63       3.3578       4    -0.238  2,21,22,33 -2628.24        16.161    0.0      -0j,0j,0j
   63       3.3578       5    -0.223 19,21,22,30 -2628.24        16.161    0.0      -0j,0j,0j
   63       3.3578       6    -0.223 20,21,22,29 -2628.24        16.161    0.0      -0j,0j,0j
   63       3.3578       7     0.203 18,21,22,29 -2628.24        16.161    0.0      -0j,0j,0j
   63       3.3578       8     0.163 19,21,22,32 -2628.24        16.161    0.0      -0j,0j,0j
   63       3.3578       9     0.163 20,21,22,31 -2628.24        16.161    0.0      -0j,0j,0j
   64       2.5092       2     0.544 18,21,22,27 -2628.24       16.2929    0.0       0j,0j,0j
   64       2.5092       3    -0.455 19,21,22,25 -2628.24       16.2929    0.0       0j,0j,0j
   64       2.5092       4    -0.455 20,21,22,26 -2628.24       16.2929    0.0       0j,0j,0j
   64       2.5092       5     0.273 18,21,22,28 -2628.24       16.2929    0.0       0j,0j,0j
   64       2.5092       6      0.19 19,21,22,23 -2628.24       16.2929    0.0       0j,0j,0j
   64       2.5092       7     -0.19 20,21,22,24 -2628.24       16.2929    0.0       0j,0j,0j
   64       2.5092       8      0.16  1,21,22,33 -2628.24       16.2929    0.0       0j,0j,0j
   64       2.5092       9      0.16  2,21,22,34 -2628.24       16.2929    0.0       0j,0j,0j
   65       2.6455       2     0.526 18,21,22,26 -2628.23       16.5031    0.0       0j,0j,0j
   65       2.6455       3     0.492  1,21,22,33 -2628.23       16.5031    0.0       0j,0j,0j
   65       2.6455       4    -0.492  2,21,22,34 -2628.23       16.5031    0.0       0j,0j,0j
   65       2.6455       5     0.247 19,21,22,29 -2628.23       16.5031    0.0       0j,0j,0j
   65       2.6455       6    -0.247 20,21,22,30 -2628.23       16.5031    0.0       0j,0j,0j
   65       2.6455       7    -0.206 19,21,22,31 -2628.23       16.5031    0.0       0j,0j,0j
   65       2.6455       8     0.206 20,21,22,32 -2628.23       16.5031    0.0       0j,0j,0j
   66       2.6475       2     0.532 18,21,22,27 -2628.23        16.505    0.0     0j,-0j,-0j
   66       2.6475       3     0.491  1,21,22,34 -2628.23        16.505    0.0     0j,-0j,-0j
   66       2.6475       4     0.491  2,21,22,33 -2628.23        16.505    0.0     0j,-0j,-0j
   66       2.6475       5     0.244 19,21,22,30 -2628.23        16.505    0.0     0j,-0j,-0j
   66       2.6475       6     0.244 20,21,22,29 -2628.23        16.505    0.0     0j,-0j,-0j
   66       2.6475       7    -0.204 19,21,22,32 -2628.23        16.505    0.0     0j,-0j,-0j
   66       2.6475       8    -0.204 20,21,22,31 -2628.23        16.505    0.0     0j,-0j,-0j
   67        2.654       2     0.946 20,21,22,27 -2628.23       16.5768  495.0    -0.4j,0j,0j
   67        2.654       3     0.159 20,21,22,28 -2628.23       16.5768  495.0    -0.4j,0j,0j
   67        2.654       4     0.151 20,21,22,25 -2628.23       16.5768  495.0    -0.4j,0j,0j
   68        2.654       2     0.946 19,21,22,27 -2628.23       16.5768  495.0     0j,0.4j,0j
   68        2.654       3    -0.159 19,21,22,28 -2628.23       16.5768  495.0     0j,0.4j,0j
   68        2.654       4     0.151 19,21,22,25 -2628.23       16.5768  495.0     0j,0.4j,0j
   69       2.4521       2     0.691 19,21,22,29 -2628.22       16.6833    4.0      -0j,0j,0j
   69       2.4521       3     -0.69 20,21,22,28 -2628.22       16.6833    4.0      -0j,0j,0j
   70       2.4521       2     0.691 20,21,22,29 -2628.22       16.6833    4.0      0j,0j,-0j
   70       2.4521       3      0.69 19,21,22,28 -2628.22       16.6833    4.0      0j,0j,-0j
   71       3.1954       2     0.712 18,21,22,28 -2628.22       16.7061    0.0     0j,-0j,-0j
   71       3.1954       3    -0.347 17,21,22,23 -2628.22       16.7061    0.0     0j,-0j,-0j
   71       3.1954       4    -0.303 18,21,22,30 -2628.22       16.7061    0.0     0j,-0j,-0j
   71       3.1954       5     0.236       17,22 -2628.22       16.7061    0.0     0j,-0j,-0j
   71       3.1954       6    -0.224 18,21,22,25 -2628.22       16.7061    0.0     0j,-0j,-0j
   71       3.1954       7    -0.186  1,21,22,33 -2628.22       16.7061    0.0     0j,-0j,-0j
   71       3.1954       8    -0.186  2,21,22,34 -2628.22       16.7061    0.0     0j,-0j,-0j
   72       2.1895       2    -0.676  1,21,22,34 -2628.22       16.7775  257.0      0j,-0j,0j
   72       2.1895       3     0.676  2,21,22,33 -2628.22       16.7775  257.0      0j,-0j,0j
   72       2.1895       4      0.19 19,21,22,32 -2628.22       16.7775  257.0      0j,-0j,0j
   72       2.1895       5     -0.19 20,21,22,31 -2628.22       16.7775  257.0      0j,-0j,0j
   73       2.5372       2      0.78 18,21,22,28 -2628.22       16.8222    0.0     -0j,-0j,0j
   73       2.5372       3    -0.314  1,21,22,33 -2628.22       16.8222    0.0     -0j,-0j,0j
   73       2.5372       4     0.314  2,21,22,34 -2628.22       16.8222    0.0     -0j,-0j,0j
   73       2.5372       5     0.278 19,21,22,29 -2628.22       16.8222    0.0     -0j,-0j,0j
   73       2.5372       6    -0.278 20,21,22,30 -2628.22       16.8222    0.0     -0j,-0j,0j
   73       2.5372       7     0.162 18,21,22,26 -2628.22       16.8222    0.0     -0j,-0j,0j
   74       2.5346       2     0.772 18,21,22,29 -2628.22       16.8267    0.0     0j,-0j,-0j
   74       2.5346       3     0.315  1,21,22,34 -2628.22       16.8267    0.0     0j,-0j,-0j
   74       2.5346       4     0.315  2,21,22,33 -2628.22       16.8267    0.0     0j,-0j,-0j
   74       2.5346       5    -0.287 19,21,22,30 -2628.22       16.8267    0.0     0j,-0j,-0j
   74       2.5346       6    -0.287 20,21,22,29 -2628.22       16.8267    0.0     0j,-0j,-0j
   74       2.5346       7    -0.164 18,21,22,27 -2628.22       16.8267    0.0     0j,-0j,-0j
   75       3.1238       2      0.98 20,21,22,28 -2628.22       16.8412  291.0  -0.16j,0j,-0j
   76       3.1238       2      0.98 19,21,22,28 -2628.22       16.8412  291.0    0j,0.16j,0j
   77       3.0211       2     0.574 18,21,22,28 -2628.21       17.0383    0.0      0j,0j,-0j
   77       3.0211       3    -0.524 19,21,22,29 -2628.21       17.0383    0.0      0j,0j,-0j
   77       3.0211       4     0.524 20,21,22,30 -2628.21       17.0383    0.0      0j,0j,-0j
   77       3.0211       5      0.23  1,21,22,33 -2628.21       17.0383    0.0      0j,0j,-0j
   77       3.0211       6     -0.23  2,21,22,34 -2628.21       17.0383    0.0      0j,0j,-0j
   78       3.0228       2     0.586 18,21,22,29 -2628.21       17.0404    0.0      -0j,0j,0j
   78       3.0228       3      0.52 19,21,22,30 -2628.21       17.0404    0.0      -0j,0j,0j
   78       3.0228       4      0.52 20,21,22,29 -2628.21       17.0404    0.0      -0j,0j,0j
   78       3.0228       5    -0.226  1,21,22,34 -2628.21       17.0404    0.0      -0j,0j,0j
   78       3.0228       6    -0.226  2,21,22,33 -2628.21       17.0404    0.0      -0j,0j,0j
   79       2.9966       2     0.706 19,21,22,30 -2628.21       17.1761  269.0     -0j,-0j,0j
   79       2.9966       3    -0.706 20,21,22,29 -2628.21       17.1761  269.0     -0j,-0j,0j
   80       2.7031       2     0.462  1,21,22,33 -2628.21       17.1793    0.0       0j,0j,0j
   80       2.7031       3     0.462  2,21,22,34 -2628.21       17.1793    0.0       0j,0j,0j
   80       2.7031       4     0.354 19,21,22,31 -2628.21       17.1793    0.0       0j,0j,0j
   80       2.7031       5     0.354 20,21,22,32 -2628.21       17.1793    0.0       0j,0j,0j
   80       2.7031       6    -0.321 18,21,22,30 -2628.21       17.1793    0.0       0j,0j,0j
   80       2.7031       7    -0.298 18,21,22,27 -2628.21       17.1793    0.0       0j,0j,0j
   80       2.7031       8     0.204 18,21,22,28 -2628.21       17.1793    0.0       0j,0j,0j
   80       2.7031       9     0.163 18,21,22,25 -2628.21       17.1793    0.0       0j,0j,0j
   81       2.6497       2     0.706 18,21,22,30  -2628.2       17.3272    0.0    -0j,-0j,-0j
   81       2.6497       3    -0.467 17,21,22,23  -2628.2       17.3272    0.0    -0j,-0j,-0j
   81       2.6497       4     0.253       17,22  -2628.2       17.3272    0.0    -0j,-0j,-0j
   81       2.6497       5     0.248 19,21,22,31  -2628.2       17.3272    0.0    -0j,-0j,-0j
   81       2.6497       6     0.248 20,21,22,32  -2628.2       17.3272    0.0    -0j,-0j,-0j
   82       3.9328       2     0.756 18,21,22,29  -2628.2       17.3963  118.0  0j,-0.02j,-0j
   82       3.9328       3      0.63 18,21,22,31  -2628.2       17.3963  118.0  0j,-0.02j,-0j
   83       3.9328       2     0.756 18,21,22,30  -2628.2       17.3963  118.0   0.02j,0j,-0j
   83       3.9328       3      0.63 18,21,22,32  -2628.2       17.3963  118.0   0.02j,0j,-0j
   84       2.2904       2     0.466 18,21,22,31  -2628.2        17.467  103.0 -0j,-0.03j,-0j
   84       2.2904       3    -0.412 20,21,22,29  -2628.2        17.467  103.0 -0j,-0.03j,-0j
   84       2.2904       4     0.408 19,21,22,28  -2628.2        17.467  103.0 -0j,-0.03j,-0j
   84       2.2904       5    -0.392 19,21,22,30  -2628.2        17.467  103.0 -0j,-0.03j,-0j
   84       2.2904       6    -0.384 18,21,22,29  -2628.2        17.467  103.0 -0j,-0.03j,-0j
   84       2.2904       7    -0.199 20,21,22,27  -2628.2        17.467  103.0 -0j,-0.03j,-0j
   84       2.2904       8    -0.198 19,21,22,26  -2628.2        17.467  103.0 -0j,-0.03j,-0j
   85       2.2904       2     0.466 18,21,22,32  -2628.2        17.467  103.0  0.03j,-0j,-0j
   85       2.2904       3    -0.412 19,21,22,29  -2628.2        17.467  103.0  0.03j,-0j,-0j
   85       2.2904       4    -0.408 20,21,22,28  -2628.2        17.467  103.0  0.03j,-0j,-0j
   85       2.2904       5    -0.392 20,21,22,30  -2628.2        17.467  103.0  0.03j,-0j,-0j
   85       2.2904       6    -0.384 18,21,22,30  -2628.2        17.467  103.0  0.03j,-0j,-0j
   85       2.2904       7    -0.199 19,21,22,27  -2628.2        17.467  103.0  0.03j,-0j,-0j
   85       2.2904       8     0.198 20,21,22,26  -2628.2        17.467  103.0  0.03j,-0j,-0j
   86       2.5416       2      0.86 20,21,22,30 -2628.19        17.673  243.0  0.03j,-0j,-0j
   86       2.5416       3     0.374 18,21,22,32 -2628.19        17.673  243.0  0.03j,-0j,-0j
   86       2.5416       4    -0.256 18,21,22,30 -2628.19        17.673  243.0  0.03j,-0j,-0j
   87       2.5416       2      0.86 19,21,22,30 -2628.19        17.673  243.0 -0j,-0.03j,-0j
   87       2.5416       3     0.374 18,21,22,31 -2628.19        17.673  243.0 -0j,-0.03j,-0j
   87       2.5416       4    -0.256 18,21,22,29 -2628.19        17.673  243.0 -0j,-0.03j,-0j
   88       2.4044       2    -0.653 19,21,22,31 -2628.19       17.7003    0.0      0j,-0j,0j
   88       2.4044       3     0.653 20,21,22,32 -2628.19       17.7003    0.0      0j,-0j,0j
   88       2.4044       4    -0.191  1,21,22,33 -2628.19       17.7003    0.0      0j,-0j,0j
   88       2.4044       5     0.191  2,21,22,34 -2628.19       17.7003    0.0      0j,-0j,0j
   88       2.4044       6    -0.187 19,21,22,29 -2628.19       17.7003    0.0      0j,-0j,0j
   88       2.4044       7     0.187 20,21,22,30 -2628.19       17.7003    0.0      0j,-0j,0j
   89       2.4052       2     0.653 19,21,22,32 -2628.19       17.7005    0.0      0j,-0j,0j
   89       2.4052       3     0.653 20,21,22,31 -2628.19       17.7005    0.0      0j,-0j,0j
   89       2.4052       4     0.191  1,21,22,34 -2628.19       17.7005    0.0      0j,-0j,0j
   89       2.4052       5     0.191  2,21,22,33 -2628.19       17.7005    0.0      0j,-0j,0j
   89       2.4052       6     0.187 19,21,22,30 -2628.19       17.7005    0.0      0j,-0j,0j
   89       2.4052       7     0.187 20,21,22,29 -2628.19       17.7005    0.0      0j,-0j,0j
   90       2.8096       2     0.681 19,21,22,32 -2628.18       17.7899   50.0       0j,0j,0j
   90       2.8096       3    -0.681 20,21,22,31 -2628.18       17.7899   50.0       0j,0j,0j
   90       2.8096       4     0.189  1,21,22,34 -2628.18       17.7899   50.0       0j,0j,0j
   90       2.8096       5    -0.189  2,21,22,33 -2628.18       17.7899   50.0       0j,0j,0j
   91       2.1653       2      0.42 19,21,22,31 -2628.14       18.8706    0.0    -0j,-0j,-0j
   91       2.1653       3      0.42 20,21,22,32 -2628.14       18.8706    0.0    -0j,-0j,-0j
   91       2.1653       4      0.27 19,21,22,29 -2628.14       18.8706    0.0    -0j,-0j,-0j
   91       2.1653       5      0.27 20,21,22,30 -2628.14       18.8706    0.0    -0j,-0j,-0j
   91       2.1653       6    -0.217 19,21,22,33 -2628.14       18.8706    0.0    -0j,-0j,-0j
   91       2.1653       7    -0.217 20,21,22,34 -2628.14       18.8706    0.0    -0j,-0j,-0j
   91       2.1653       8    -0.213 18,21,22,27 -2628.14       18.8706    0.0    -0j,-0j,-0j
   91       2.1653       9     0.212 18,21,22,28 -2628.14       18.8706    0.0    -0j,-0j,-0j
   91       2.1653      10     0.204 18,21,22,30 -2628.14       18.8706    0.0    -0j,-0j,-0j
   91       2.1653      11    -0.193  1,21,22,31 -2628.14       18.8706    0.0    -0j,-0j,-0j
   91       2.1653      12    -0.193  2,21,22,32 -2628.14       18.8706    0.0    -0j,-0j,-0j
   91       2.1653      13    -0.171       17,21 -2628.14       18.8706    0.0    -0j,-0j,-0j
   91       2.1653      14     0.164 17,21,22,23 -2628.14       18.8706    0.0    -0j,-0j,-0j
   91       2.1653      15    -0.161       17,22 -2628.14       18.8706    0.0    -0j,-0j,-0j
   91       2.1653      16     0.154 18,21,22,25 -2628.14       18.8706    0.0    -0j,-0j,-0j
   92       2.0786       2     0.844       16,22 -2628.14       18.8812  217.0    0j,0.23j,0j
   92       2.0786       3    -0.486  1,21,22,35 -2628.14       18.8812  217.0    0j,0.23j,0j
   93       2.0786       2     0.844       16,21 -2628.14       18.8812  217.0   -0.23j,0j,0j
   93       2.0786       3    -0.486  2,21,22,35 -2628.14       18.8812  217.0   -0.23j,0j,0j
   94       2.0807       2     0.419 18,21,22,30 -2628.14       19.0471    0.0     -0j,-0j,0j
   94       2.0807       3     0.303 18,21,22,28 -2628.14       19.0471    0.0     -0j,-0j,0j
   94       2.0807       4       0.3  1,21,22,33 -2628.14       19.0471    0.0     -0j,-0j,0j
   94       2.0807       5       0.3  2,21,22,34 -2628.14       19.0471    0.0     -0j,-0j,0j
   94       2.0807       6     0.229 19,21,22,25 -2628.14       19.0471    0.0     -0j,-0j,0j
   94       2.0807       7     0.229 20,21,22,26 -2628.14       19.0471    0.0     -0j,-0j,0j
   94       2.0807       8    -0.207 19,21,22,23 -2628.14       19.0471    0.0     -0j,-0j,0j
   94       2.0807       9     0.207 20,21,22,24 -2628.14       19.0471    0.0     -0j,-0j,0j
   94       2.0807      10    -0.205 18,21,22,25 -2628.14       19.0471    0.0     -0j,-0j,0j
   94       2.0807      11     0.204 18,21,22,27 -2628.14       19.0471    0.0     -0j,-0j,0j
   94       2.0807      12     0.178       17,21 -2628.14       19.0471    0.0     -0j,-0j,0j
   94       2.0807      13    -0.166 19,21,22,29 -2628.14       19.0471    0.0     -0j,-0j,0j
   94       2.0807      14    -0.166 20,21,22,30 -2628.14       19.0471    0.0     -0j,-0j,0j
   94       2.0807      15    -0.157 19,21,22,33 -2628.14       19.0471    0.0     -0j,-0j,0j
   94       2.0807      16    -0.157 20,21,22,34 -2628.14       19.0471    0.0     -0j,-0j,0j
   95       2.1022       2     0.471  1,21,22,35 -2628.14        19.105   86.0 -0j,-0.46j,-0j
   95       2.1022       3     0.396       16,22 -2628.14        19.105   86.0 -0j,-0.46j,-0j
   95       2.1022       4    -0.355 18,21,22,31 -2628.14        19.105   86.0 -0j,-0.46j,-0j
   95       2.1022       5     0.334 18,21,22,29 -2628.14        19.105   86.0 -0j,-0.46j,-0j
   95       2.1022       6     0.292 18,21,22,33 -2628.14        19.105   86.0 -0j,-0.46j,-0j
   95       2.1022       7     0.243 19,21,22,30 -2628.14        19.105   86.0 -0j,-0.46j,-0j
   95       2.1022       8     0.218 18,21,22,31 -2628.14        19.105   86.0 -0j,-0.46j,-0j
   95       2.1022       9    -0.214 20,21,22,29 -2628.14        19.105   86.0 -0j,-0.46j,-0j
   95       2.1022      10     0.213 19,21,22,28 -2628.14        19.105   86.0 -0j,-0.46j,-0j
   95       2.1022      11    -0.165 20,21,22,27 -2628.14        19.105   86.0 -0j,-0.46j,-0j
   95       2.1022      12    -0.165 19,21,22,26 -2628.14        19.105   86.0 -0j,-0.46j,-0j
   96       2.1022       2     0.471  2,21,22,35 -2628.14        19.105   86.0  0.46j,-0j,-0j
   96       2.1022       3     0.396       16,21 -2628.14        19.105   86.0  0.46j,-0j,-0j
   96       2.1022       4    -0.355 18,21,22,32 -2628.14        19.105   86.0  0.46j,-0j,-0j
   96       2.1022       5     0.334 18,21,22,30 -2628.14        19.105   86.0  0.46j,-0j,-0j
   96       2.1022       6     0.292 18,21,22,34 -2628.14        19.105   86.0  0.46j,-0j,-0j
   96       2.1022       7     0.243 20,21,22,30 -2628.14        19.105   86.0  0.46j,-0j,-0j
   96       2.1022       8     0.218 18,21,22,32 -2628.14        19.105   86.0  0.46j,-0j,-0j
   96       2.1022       9    -0.214 19,21,22,29 -2628.14        19.105   86.0  0.46j,-0j,-0j
   96       2.1022      10    -0.213 20,21,22,28 -2628.14        19.105   86.0  0.46j,-0j,-0j
   96       2.1022      11    -0.165 19,21,22,27 -2628.14        19.105   86.0  0.46j,-0j,-0j
   96       2.1022      12     0.165 20,21,22,26 -2628.14        19.105   86.0  0.46j,-0j,-0j
   97       3.2127       2     0.376 19,21,22,31 -2628.12        19.442    0.0      -0j,0j,0j
   97       3.2127       3     0.376 20,21,22,32 -2628.12        19.442    0.0      -0j,0j,0j
   97       3.2127       4     0.334 19,21,22,33 -2628.12        19.442    0.0      -0j,0j,0j
   97       3.2127       5     0.334 20,21,22,34 -2628.12        19.442    0.0      -0j,0j,0j
   97       3.2127       6     -0.32 19,21,22,31 -2628.12        19.442    0.0      -0j,0j,0j
   97       3.2127       7     -0.32 20,21,22,32 -2628.12        19.442    0.0      -0j,0j,0j
   97       3.2127       8    -0.216 19,21,22,29 -2628.12        19.442    0.0      -0j,0j,0j
   97       3.2127       9    -0.216 20,21,22,30 -2628.12        19.442    0.0      -0j,0j,0j
   97       3.2127      10     0.194       16,22 -2628.12        19.442    0.0      -0j,0j,0j
   97       3.2127      11    -0.192 17,21,22,23 -2628.12        19.442    0.0      -0j,0j,0j
   97       3.2127      12     0.161 18,21,22,25 -2628.12        19.442    0.0      -0j,0j,0j
   98       3.2792       2     0.698 19,21,22,32 -2628.12       19.5726    0.0     -0j,-0j,0j
   98       3.2792       3     0.698 20,21,22,31 -2628.12       19.5726    0.0     -0j,-0j,0j
   99       3.2799       2    -0.698 19,21,22,31 -2628.12       19.5733    0.0     -0j,-0j,0j
   99       3.2799       3     0.698 20,21,22,32 -2628.12       19.5733    0.0     -0j,-0j,0j
  100       2.1578       2    -0.651  1,21,22,35 -2628.12       19.6472   81.0  0j,-0.44j,-0j
  100       2.1578       3     0.507 18,21,22,31 -2628.12       19.6472   81.0  0j,-0.44j,-0j
  100       2.1578       4      0.33 18,21,22,33 -2628.12       19.6472   81.0  0j,-0.44j,-0j
  100       2.1578       5    -0.269       16,22 -2628.12       19.6472   81.0  0j,-0.44j,-0j
  100       2.1578       6    -0.153 18,21,22,31 -2628.12       19.6472   81.0  0j,-0.44j,-0j
  101       2.1578       2    -0.651  2,21,22,35 -2628.12       19.6472   81.0   0.44j,0j,-0j
  101       2.1578       3     0.507 18,21,22,32 -2628.12       19.6472   81.0   0.44j,0j,-0j
  101       2.1578       4      0.33 18,21,22,34 -2628.12       19.6472   81.0   0.44j,0j,-0j
  101       2.1578       5    -0.269       16,21 -2628.12       19.6472   81.0   0.44j,0j,-0j
  101       2.1578       6    -0.153 18,21,22,32 -2628.12       19.6472   81.0   0.44j,0j,-0j
------------------------------
 SUM-OVER-STATE ANALYSIS
------------------------------
Technique used: Effective Hamiltonian
cut-offs g-value (%):  0.5
 state     gxx     gyy    gzz
     2   3.752  -0.263 -0.263
     3  -0.263   3.752 -0.263
     4   0.000   0.000  0.000
     5   0.000   0.000  0.000
     6  -0.289  -0.289 -0.000
     7  -0.036 -13.129 -0.036
     8 -13.129  -0.036 -0.036
     9   0.000   0.000  0.000
    10   0.000   0.000  0.000
    11  -6.912  -0.190 -0.190
    12  -0.190  -6.912 -0.190
    13   4.032  -0.013 -0.013
    14  -0.013   4.032 -0.013
    15   0.000   0.000  0.000
    16   4.442  -0.021 -0.021
    17  -0.021   4.442 -0.021
    18   0.000   0.000  0.000
    19   0.000   0.000  0.000
    20   0.000   0.000  0.000
    21  -0.060  -0.060  0.000
    22  -0.002   0.810 -0.002
    23   0.810  -0.002 -0.002
    24   0.000  -0.000 -0.000
    25  -0.000   0.000 -0.000
    26  -7.864  -0.025 -0.025
    27  -0.025  -7.864 -0.025
    28   1.100  -0.003 -0.003
    29  -0.003   1.100 -0.003
    30  -0.009  -3.208 -0.009
    31  -3.208  -0.009 -0.009
    32   0.000   0.000  0.000
    33   0.000   0.000  0.000
    34   0.000   0.000  0.000
    35   0.000   0.000  0.000
    36   0.000   0.000  0.000
    37   0.002  -0.006 -0.006
    38  -0.006   0.002 -0.006
    39   0.000   0.000  0.000
    40  -0.000  -0.000  0.000
    41  -0.062  -0.062  0.000
    42   0.000   0.000  0.000
    43  -0.110  -0.000 -0.000
    44  -0.000  -0.110 -0.000
    45   0.000   0.000  0.000
    46  -0.000  -0.000 -0.000
    47  -0.000  -0.000 -0.000
    48  -0.008  -1.068 -0.008
    49  -1.068  -0.008 -0.008
    50   0.000   0.000  0.000
    51  -0.994  -0.041 -0.041
    52  -0.041  -0.994 -0.041
    53  -0.007   3.226 -0.007
    54   3.226  -0.007 -0.007
    55   0.000   0.000  0.000
    56   0.000   0.000  0.000
    57   0.000   0.000  0.000
    58  -0.028  -0.028  0.000
    59  -0.009  -0.464 -0.009
    60  -0.464  -0.009 -0.009
    61   0.000   0.000  0.000
    62   0.000   0.000  0.000
    63   0.000   0.000  0.000
    64   0.000   0.000  0.000
    65   0.000   0.000  0.000
    66   0.000   0.000  0.000
    67   2.081  -0.007 -0.007
    68  -0.007   2.081 -0.007
    69   0.000  -0.000 -0.000
    70  -0.000   0.000 -0.000
    71   0.000   0.000  0.000
    72  -0.002  -0.002  0.000
    73   0.000   0.000  0.000
    74   0.000   0.000  0.000
    75   0.485  -0.002 -0.002
    76  -0.002   0.485 -0.002
    77   0.000   0.000  0.000
    78   0.000   0.000  0.000
    79  -0.002  -0.002  0.000
    80   0.000   0.000  0.000
    81   0.000   0.000  0.000
    82   0.000   0.000  0.000
    83   0.000   0.000  0.000
    84  -0.000   0.028 -0.000
    85   0.028  -0.000 -0.000
    86  -0.073  -0.001 -0.001
    87  -0.001  -0.073 -0.001
    88   0.000   0.000  0.000
    89   0.000   0.000  0.000
    90  -0.000  -0.000  0.000
    91   0.000   0.000  0.000
    92  -0.001   0.459 -0.001
    93   0.459  -0.001 -0.001
    94   0.000   0.000  0.000
    95  -0.000  -0.368 -0.000
    96  -0.368  -0.000 -0.000
    97   0.000   0.000  0.000
    98   0.000   0.000  0.000
    99   0.000   0.000  0.000
   100  -0.000  -0.314 -0.000
   101  -0.314  -0.000 -0.000

