
---------------------
 G-SHIFT RESULTS
---------------------
File selected:  ncl_4_3.out
States:  [1, 2, 3, 4, 5, 6, 7, 8, 9, 10, 11, 12, 13, 14, 15, 16, 17, 18, 19, 20, 21, 22, 23, 24, 25, 26, 27, 28, 29, 30]
States multiplicity: 
- triplets = 27: [1, 2, 3, 4, 5, 7, 8, 9, 10, 11, 12, 13, 14, 15, 16, 17, 18, 19, 21, 22, 23, 24, 25, 26, 28, 29, 30]
- quintets = 3: [6, 20, 27]
g-factor (x y z dimensions) in ppt: 3.967 -3.979 -0.007

----------------------
 G-TENSOR ANALYSIS
----------------------
cut-offs: 
- g-shift estimation (%): 0.1
- configurations (%):  0
- somos to add to new active space:  [8, 9, 12, 13]

state config. amplitude  somo    gxx    gyy gzz
    1       1     0.998 12,13     --     --  --
    2       1     0.964  9,13 10.803  0.109 0.0
    2       2     0.215  8,13 10.803  0.109 0.0
    3       1     0.964  9,12  0.109 10.804 0.0
    3       2     0.215  8,12  0.109 10.804 0.0

------------------------
 EXCITED STATES ANALYSIS
------------------------
cut-offs: 
- configurations (%):  0
- soccs (%):  0
- angular momentum (%):  0

state spin config. amplitude       somo   energy excit. energy  socc            angmom
    1  2.0       1     0.998      12,13 -513.897           0.0    --                --
    2  2.0       1     0.964       9,13 -513.711          5.04 102.0   1.08j,0.01j,-0j
    2  2.0       2     0.215       8,13 -513.711          5.04 102.0   1.08j,0.01j,-0j
    3  2.0       1     0.964       9,12 -513.711          5.04 102.0   0.01j,-1.08j,0j
    3  2.0       2     0.215       8,12 -513.711          5.04 102.0   0.01j,-1.08j,0j
    4  2.0       1      0.93      12,14 -513.608          7.84  51.0      -0j,0.04j,0j
    4  2.0       2    -0.229      12,19 -513.608          7.84  51.0      -0j,0.04j,0j
    4  2.0       3     0.143      12,26 -513.608          7.84  51.0      -0j,0.04j,0j
    4  2.0       4    -0.113       8,12 -513.608          7.84  51.0      -0j,0.04j,0j
    4  2.0       5    -0.113      12,15 -513.608          7.84  51.0      -0j,0.04j,0j
    4  2.0       6     0.109      12,14 -513.608          7.84  51.0      -0j,0.04j,0j
    4  2.0       7    -0.103      12,16 -513.608          7.84  51.0      -0j,0.04j,0j
    5  2.0       1      0.93      13,14 -513.608          7.85  51.0       0.04j,0j,0j
    5  2.0       2    -0.229      13,19 -513.608          7.85  51.0       0.04j,0j,0j
    5  2.0       3     0.143      13,26 -513.608          7.85  51.0       0.04j,0j,0j
    5  2.0       4     0.113       8,13 -513.608          7.85  51.0       0.04j,0j,0j
    5  2.0       5    -0.113      13,15 -513.608          7.85  51.0       0.04j,0j,0j
    5  2.0       6    -0.109      13,14 -513.608          7.85  51.0       0.04j,0j,0j
    5  2.0       7    -0.103      13,16 -513.608          7.85  51.0       0.04j,0j,0j
    6  6.0       1     0.476 9,12,13,14 -513.606          7.91   0.0         -0j,0j,0j
    6  6.0       2    -0.476 9,12,13,14 -513.606          7.91   0.0         -0j,0j,0j
    6  6.0       3    -0.476 9,12,13,14 -513.606          7.91   0.0         -0j,0j,0j
    6  6.0       4     0.476 9,12,13,14 -513.606          7.91   0.0         -0j,0j,0j
    6  6.0       5     0.124 9,12,13,19 -513.606          7.91   0.0         -0j,0j,0j
    6  6.0       6     0.124 9,12,13,19 -513.606          7.91   0.0         -0j,0j,0j
    6  6.0       7    -0.124 9,12,13,19 -513.606          7.91   0.0         -0j,0j,0j
    6  6.0       8    -0.124 9,12,13,19 -513.606          7.91   0.0         -0j,0j,0j
    7  2.0       1     0.685      10,12 -513.549          9.46   0.0         0j,0j,-0j
    7  2.0       2     0.684      11,13 -513.549          9.46   0.0         0j,0j,-0j
    7  2.0       3     0.167      10,13 -513.549          9.46   0.0         0j,0j,-0j
    7  2.0       4    -0.167      11,12 -513.549          9.46   0.0         0j,0j,-0j
    8  2.0       1     0.685      10,13 -513.549          9.46   0.0        -0j,0j,-0j
    8  2.0       2    -0.684      11,12 -513.549          9.46   0.0        -0j,0j,-0j
    8  2.0       3    -0.167      10,12 -513.549          9.46   0.0        -0j,0j,-0j
    8  2.0       4    -0.167      11,13 -513.549          9.46   0.0        -0j,0j,-0j
    9  2.0       1     0.706      11,12 -513.544           9.6 149.0        -0j,-0j,0j
    9  2.0       2     0.706      10,13 -513.544           9.6 149.0        -0j,-0j,0j
   10  2.0       1     0.625      11,13 -513.537          9.78   0.0        -0j,0j,-0j
   10  2.0       2    -0.624      10,12 -513.537          9.78   0.0        -0j,0j,-0j
   10  2.0       3     0.355 9,12,13,14 -513.537          9.78   0.0        -0j,0j,-0j
   10  2.0       4      0.26 9,12,13,14 -513.537          9.78   0.0        -0j,0j,-0j
   11  2.0       1     0.576 9,12,13,14 -513.499         10.82   0.0         -0j,0j,0j
   11  2.0       2    -0.465 9,12,13,14 -513.499         10.82   0.0         -0j,0j,0j
   11  2.0       3     0.465 9,12,13,14 -513.499         10.82   0.0         -0j,0j,0j
   11  2.0       4    -0.355 9,12,13,14 -513.499         10.82   0.0         -0j,0j,0j
   11  2.0       5    -0.122      11,13 -513.499         10.82   0.0         -0j,0j,0j
   11  2.0       6     0.122      10,12 -513.499         10.82   0.0         -0j,0j,0j
   11  2.0       7     0.115 9,12,13,19 -513.499         10.82   0.0         -0j,0j,0j
   11  2.0       8     0.103 9,12,13,19 -513.499         10.82   0.0         -0j,0j,0j
   11  2.0       9    -0.103 9,12,13,19 -513.499         10.82   0.0         -0j,0j,0j
   12  2.0       1     0.673 9,12,13,14 -513.487         11.15   0.0       -0j,-0j,-0j
   12  2.0       2     0.673 9,12,13,14 -513.487         11.15   0.0       -0j,-0j,-0j
   12  2.0       3    -0.164 9,12,13,19 -513.487         11.15   0.0       -0j,-0j,-0j
   12  2.0       4    -0.164 9,12,13,19 -513.487         11.15   0.0       -0j,-0j,-0j
   13  2.0       1     0.673       9,14 -513.487         11.15   0.0         -0j,0j,0j
   13  2.0       2    -0.672       9,14 -513.487         11.15   0.0         -0j,0j,0j
   13  2.0       3    -0.164       9,19 -513.487         11.15   0.0         -0j,0j,0j
   13  2.0       4     0.164       9,19 -513.487         11.15   0.0         -0j,0j,0j
   14  2.0       1     0.669       9,14 -513.429         12.73   3.0        -0j,0j,-0j
   14  2.0       2     0.669       9,14 -513.429         12.73   3.0        -0j,0j,-0j
   14  2.0       3    -0.167       9,19 -513.429         12.73   3.0        -0j,0j,-0j
   14  2.0       4    -0.166       9,19 -513.429         12.73   3.0        -0j,0j,-0j
   14  2.0       5    -0.111        8,9 -513.429         12.73   3.0        -0j,0j,-0j
   15  2.0       1     0.677 9,12,13,14 -513.397          13.6   0.0         -0j,0j,0j
   15  2.0       2     0.467 9,12,13,14 -513.397          13.6   0.0         -0j,0j,0j
   15  2.0       3     0.252      10,12 -513.397          13.6   0.0         -0j,0j,0j
   15  2.0       4    -0.252      11,13 -513.397          13.6   0.0         -0j,0j,0j
   15  2.0       5      0.18      12,20 -513.397          13.6   0.0         -0j,0j,0j
   15  2.0       6     -0.18      13,21 -513.397          13.6   0.0         -0j,0j,0j
   15  2.0       7    -0.168      12,17 -513.397          13.6   0.0         -0j,0j,0j
   15  2.0       8     0.168      13,18 -513.397          13.6   0.0         -0j,0j,0j
   15  2.0       9    -0.114 9,12,13,15 -513.397          13.6   0.0         -0j,0j,0j
   15  2.0      10     0.105 9,12,13,14 -513.397          13.6   0.0         -0j,0j,0j
   15  2.0      11    -0.105 9,12,13,14 -513.397          13.6   0.0         -0j,0j,0j
   15  2.0      12     0.103      12,24 -513.397          13.6   0.0         -0j,0j,0j
   15  2.0      13     0.103      13,25 -513.397          13.6   0.0         -0j,0j,0j
   16  2.0       1      0.64       8,12 -513.387         13.86  67.0  -0.09j,0.11j,-0j
   16  2.0       2     0.528       8,13 -513.387         13.86  67.0  -0.09j,0.11j,-0j
   16  2.0       3    -0.235      12,14 -513.387         13.86  67.0  -0.09j,0.11j,-0j
   16  2.0       4     0.211       7,12 -513.387         13.86  67.0  -0.09j,0.11j,-0j
   16  2.0       5    -0.194      13,14 -513.387         13.86  67.0  -0.09j,0.11j,-0j
   16  2.0       6     0.174       7,13 -513.387         13.86  67.0  -0.09j,0.11j,-0j
   16  2.0       7     -0.14       9,12 -513.387         13.86  67.0  -0.09j,0.11j,-0j
   16  2.0       8    -0.115       9,13 -513.387         13.86  67.0  -0.09j,0.11j,-0j
   16  2.0       9     0.113      12,14 -513.387         13.86  67.0  -0.09j,0.11j,-0j
   16  2.0      10     0.109      12,19 -513.387         13.86  67.0  -0.09j,0.11j,-0j
   16  2.0      11    -0.104      12,16 -513.387         13.86  67.0  -0.09j,0.11j,-0j
   17  2.0       1      0.64       8,13 -513.387         13.86  67.0  -0.11j,-0.09j,0j
   17  2.0       2    -0.528       8,12 -513.387         13.86  67.0  -0.11j,-0.09j,0j
   17  2.0       3    -0.235      13,14 -513.387         13.86  67.0  -0.11j,-0.09j,0j
   17  2.0       4     0.211       7,13 -513.387         13.86  67.0  -0.11j,-0.09j,0j
   17  2.0       5     0.194      12,14 -513.387         13.86  67.0  -0.11j,-0.09j,0j
   17  2.0       6    -0.174       7,12 -513.387         13.86  67.0  -0.11j,-0.09j,0j
   17  2.0       7     -0.14       9,13 -513.387         13.86  67.0  -0.11j,-0.09j,0j
   17  2.0       8     0.115       9,12 -513.387         13.86  67.0  -0.11j,-0.09j,0j
   17  2.0       9    -0.113      13,14 -513.387         13.86  67.0  -0.11j,-0.09j,0j
   17  2.0      10     0.109      13,19 -513.387         13.86  67.0  -0.11j,-0.09j,0j
   17  2.0      11     0.104      13,16 -513.387         13.86  67.0  -0.11j,-0.09j,0j
   18  2.0       1     0.848      12,15 -513.342         15.08   2.0  0.03j,-0.88j,-0j
   18  2.0       2    -0.359      12,19 -513.342         15.08   2.0  0.03j,-0.88j,-0j
   18  2.0       3    -0.343      12,16 -513.342         15.08   2.0  0.03j,-0.88j,-0j
   19  2.0       1     0.848      13,15 -513.342         15.08   2.0 -0.88j,-0.03j,-0j
   19  2.0       2    -0.359      13,19 -513.342         15.08   2.0 -0.88j,-0.03j,-0j
   19  2.0       3    -0.343      13,16 -513.342         15.08   2.0 -0.88j,-0.03j,-0j
   20  6.0       1    -0.456 9,12,13,15 -513.312         15.91   0.0        0j,-0j,-0j
   20  6.0       2     0.456 9,12,13,15 -513.312         15.91   0.0        0j,-0j,-0j
   20  6.0       3     0.456 9,12,13,15 -513.312         15.91   0.0        0j,-0j,-0j
   20  6.0       4    -0.456 9,12,13,15 -513.312         15.91   0.0        0j,-0j,-0j
   20  6.0       5    -0.148 9,12,13,19 -513.312         15.91   0.0        0j,-0j,-0j
   20  6.0       6    -0.148 9,12,13,19 -513.312         15.91   0.0        0j,-0j,-0j
   20  6.0       7     0.148 9,12,13,19 -513.312         15.91   0.0        0j,-0j,-0j
   20  6.0       8     0.148 9,12,13,19 -513.312         15.91   0.0        0j,-0j,-0j
   20  6.0       9    -0.135 9,12,13,16 -513.312         15.91   0.0        0j,-0j,-0j
   20  6.0      10    -0.135 9,12,13,16 -513.312         15.91   0.0        0j,-0j,-0j
   20  6.0      11     0.135 9,12,13,16 -513.312         15.91   0.0        0j,-0j,-0j
   20  6.0      12     0.135 9,12,13,16 -513.312         15.91   0.0        0j,-0j,-0j
   21  2.0       1    -0.539      12,18 -513.277         16.85   0.0         0j,-0j,0j
   21  2.0       2     0.539      13,17 -513.277         16.85   0.0         0j,-0j,0j
   21  2.0       3     0.403      12,21 -513.277         16.85   0.0         0j,-0j,0j
   21  2.0       4    -0.403      13,20 -513.277         16.85   0.0         0j,-0j,0j
   21  2.0       5     0.126       9,15 -513.277         16.85   0.0         0j,-0j,0j
   21  2.0       6    -0.126       9,15 -513.277         16.85   0.0         0j,-0j,0j
   22  2.0       1    -0.539      12,17 -513.277         16.85   0.0         -0j,0j,0j
   22  2.0       2    -0.539      13,18 -513.277         16.85   0.0         -0j,0j,0j
   22  2.0       3     0.403      12,20 -513.277         16.85   0.0         -0j,0j,0j
   22  2.0       4     0.403      13,21 -513.277         16.85   0.0         -0j,0j,0j
   22  2.0       5     0.126 9,12,13,15 -513.277         16.85   0.0         -0j,0j,0j
   22  2.0       6     0.126 9,12,13,15 -513.277         16.85   0.0         -0j,0j,0j
   23  2.0       1      0.75 9,12,13,15 -513.269         17.08   0.0       -0j,-0j,-0j
   23  2.0       2    -0.299 9,12,13,15 -513.269         17.08   0.0       -0j,-0j,-0j
   23  2.0       3     0.299 9,12,13,15 -513.269         17.08   0.0       -0j,-0j,-0j
   23  2.0       4     0.203      13,18 -513.269         17.08   0.0       -0j,-0j,-0j
   23  2.0       5    -0.203      12,17 -513.269         17.08   0.0       -0j,-0j,-0j
   23  2.0       6    -0.192 9,12,13,19 -513.269         17.08   0.0       -0j,-0j,-0j
   23  2.0       7    -0.173 9,12,13,16 -513.269         17.08   0.0       -0j,-0j,-0j
   23  2.0       8    -0.154      13,21 -513.269         17.08   0.0       -0j,-0j,-0j
   23  2.0       9     0.154      12,20 -513.269         17.08   0.0       -0j,-0j,-0j
   23  2.0      10     0.152 9,12,13,15 -513.269         17.08   0.0       -0j,-0j,-0j
   24  2.0       1    -0.878      12,16 -513.267         17.12  22.0   -0.01j,0.36j,0j
   24  2.0       2    -0.343      12,15 -513.267         17.12  22.0   -0.01j,0.36j,0j
   24  2.0       3     0.187      12,14 -513.267         17.12  22.0   -0.01j,0.36j,0j
   24  2.0       4    -0.148      12,14 -513.267         17.12  22.0   -0.01j,0.36j,0j
   24  2.0       5    -0.117      12,16 -513.267         17.12  22.0   -0.01j,0.36j,0j
   24  2.0       6     0.103      12,19 -513.267         17.12  22.0   -0.01j,0.36j,0j
   25  2.0       1    -0.878      13,16 -513.267         17.12  22.0   0.36j,0.01j,-0j
   25  2.0       2    -0.343      13,15 -513.267         17.12  22.0   0.36j,0.01j,-0j
   25  2.0       3    -0.187      13,14 -513.267         17.12  22.0   0.36j,0.01j,-0j
   25  2.0       4    -0.148      13,14 -513.267         17.12  22.0   0.36j,0.01j,-0j
   25  2.0       5     0.117      13,16 -513.267         17.12  22.0   0.36j,0.01j,-0j
   25  2.0       6     0.103      13,19 -513.267         17.12  22.0   0.36j,0.01j,-0j
   26  2.0       1     0.554      13,17 -513.264         17.21   7.0        -0j,0j,-0j
   26  2.0       2     0.554      12,18 -513.264         17.21   7.0        -0j,0j,-0j
   26  2.0       3     -0.41      13,20 -513.264         17.21   7.0        -0j,0j,-0j
   26  2.0       4    -0.409      12,21 -513.264         17.21   7.0        -0j,0j,-0j
   27  6.0       1     0.472 9,12,13,16 -513.252         17.53   0.0        -0j,0j,-0j
   27  6.0       2    -0.472 9,12,13,16 -513.252         17.53   0.0        -0j,0j,-0j
   27  6.0       3     0.472 9,12,13,16 -513.252         17.53   0.0        -0j,0j,-0j
   27  6.0       4    -0.472 9,12,13,16 -513.252         17.53   0.0        -0j,0j,-0j
   27  6.0       5     0.144 9,12,13,15 -513.252         17.53   0.0        -0j,0j,-0j
   27  6.0       6    -0.144 9,12,13,15 -513.252         17.53   0.0        -0j,0j,-0j
   27  6.0       7    -0.144 9,12,13,15 -513.252         17.53   0.0        -0j,0j,-0j
   27  6.0       8     0.144 9,12,13,15 -513.252         17.53   0.0        -0j,0j,-0j
   28  2.0       1    -0.537 9,12,13,16 -513.244         17.76   0.0        -0j,0j,-0j
   28  2.0       2     0.382      13,18 -513.244         17.76   0.0        -0j,0j,-0j
   28  2.0       3    -0.381      12,17 -513.244         17.76   0.0        -0j,0j,-0j
   28  2.0       4     -0.37 9,12,13,15 -513.244         17.76   0.0        -0j,0j,-0j
   28  2.0       5     0.201 9,12,13,16 -513.244         17.76   0.0        -0j,0j,-0j
   28  2.0       6    -0.201 9,12,13,16 -513.244         17.76   0.0        -0j,0j,-0j
   28  2.0       7     -0.19 9,12,13,14 -513.244         17.76   0.0        -0j,0j,-0j
   28  2.0       8    -0.169 9,12,13,15 -513.244         17.76   0.0        -0j,0j,-0j
   28  2.0       9    -0.166      13,21 -513.244         17.76   0.0        -0j,0j,-0j
   28  2.0      10     0.166      12,20 -513.244         17.76   0.0        -0j,0j,-0j
   28  2.0      11    -0.136 9,12,13,14 -513.244         17.76   0.0        -0j,0j,-0j
   28  2.0      12    -0.134 9,12,13,16 -513.244         17.76   0.0        -0j,0j,-0j
   28  2.0      13    -0.101 9,12,13,15 -513.244         17.76   0.0        -0j,0j,-0j
   28  2.0      14     0.101 9,12,13,15 -513.244         17.76   0.0        -0j,0j,-0j
   29  2.0       1     0.789      13,14 -513.239         17.89  25.0      -0.05j,0j,0j
   29  2.0       2    -0.437       10,9 -513.239         17.89  25.0      -0.05j,0j,0j
   29  2.0       3     0.235       8,13 -513.239         17.89  25.0      -0.05j,0j,0j
   29  2.0       4    -0.195      13,16 -513.239         17.89  25.0      -0.05j,0j,0j
   29  2.0       5     0.128       7,13 -513.239         17.89  25.0      -0.05j,0j,0j
   29  2.0       6    -0.115      13,19 -513.239         17.89  25.0      -0.05j,0j,0j
   30  2.0       1     0.789      12,14 -513.239         17.89  25.0       0j,0.05j,0j
   30  2.0       2    -0.437       11,9 -513.239         17.89  25.0       0j,0.05j,0j
   30  2.0       3     0.235       8,12 -513.239         17.89  25.0       0j,0.05j,0j
   30  2.0       4     0.195      12,16 -513.239         17.89  25.0       0j,0.05j,0j
   30  2.0       5     0.128       7,12 -513.239         17.89  25.0       0j,0.05j,0j
   30  2.0       6    -0.115      12,19 -513.239         17.89  25.0       0j,0.05j,0j
------------------------------
 SUM-OVER-STATE ANALYSIS
------------------------------
Technique used: Effective Hamiltonian
cut-offs g-value (%):  0.5
 state    gxx    gyy    gzz
     2  3.819 -0.004 -0.003
     3 -0.003 -3.820 -0.003
     4 -0.000  0.044 -0.000
     5 -0.044 -0.000 -0.000
     6  0.000  0.000  0.000
     7 -0.000 -0.000 -0.000
     8 -0.000 -0.000 -0.000
     9 -0.002 -0.002  0.000
    10  0.000  0.000  0.000
    11  0.000  0.000  0.000
    12  0.000  0.000  0.000
    13  0.000  0.000 -0.000
    14 -0.000 -0.000 -0.000
    15  0.000  0.000  0.000
    16  0.046 -0.077 -0.000
    17  0.077 -0.047 -0.000
    18 -0.000  0.018 -0.000
    19 -0.018  0.000 -0.000
    20  0.000  0.000  0.000
    21  0.000  0.000 -0.000
    22  0.000  0.000 -0.000
    23  0.000  0.000  0.000
    24  0.000 -0.080 -0.000
    25  0.080 -0.000 -0.000
    26 -0.000 -0.000  0.000
    27  0.000  0.000  0.000
    28  0.000  0.000  0.000
    29  0.012 -0.000 -0.000
    30 -0.000 -0.012 -0.000

