
---------------------
 G-SHIFT RESULTS
---------------------
File selected:  ncl_tddft.out
States:  [1, 2, 3, 4, 5, 6, 7, 8, 9, 10, 11, 12, 13, 14, 15, 16, 17, 18, 19, 20, 21, 22, 23, 24, 25, 26, 27, 28, 29, 30, 31, 32, 33, 34, 35, 36, 37, 38, 39, 40, 41, 42, 43, 44, 45, 46, 47, 48, 49, 50, 51, 52, 53, 54, 55, 56, 57, 58, 59, 60, 61, 62, 63, 64, 65, 66, 67, 68, 69, 70, 71, 72, 73, 74, 75, 76, 77, 78, 79, 80, 81, 82, 83, 84, 85, 86, 87, 88, 89, 90, 91, 92, 93, 94, 95, 96, 97, 98, 99, 100, 101]
States multiplicity: 
- triplets = 98: [1, 2, 3, 4, 5, 6, 7, 8, 9, 13, 14, 15, 16, 17, 18, 19, 20, 21, 22, 23, 24, 25, 26, 27, 28, 29, 30, 31, 32, 33, 34, 35, 36, 37, 38, 39, 40, 41, 42, 43, 44, 45, 46, 47, 48, 49, 50, 51, 52, 53, 54, 55, 56, 57, 58, 59, 60, 61, 62, 63, 64, 65, 66, 67, 68, 69, 70, 71, 72, 73, 74, 75, 76, 77, 78, 79, 80, 81, 82, 83, 84, 85, 86, 87, 88, 89, 90, 91, 92, 93, 94, 95, 96, 97, 98, 99, 100, 101]
- quintets = 3: [10, 11, 12]
g-factor (x y z dimensions) in ppt: -3.458 3.372 -0.059

----------------------
 G-TENSOR ANALYSIS
----------------------
cut-offs: 
- g-shift estimation (%): 0.1
- configurations (%):  0
- somos to add to new active space:  [1, 2, 7, 9, 10, 11, 12, 13, 14, 15, 16, 17, 18, 19, 20, 21, 22, 23, 24, 25]

state config. amplitude        somo    gxx    gyy gzz
    1       2       1.0       12,13     --     --  --
    2       2     0.992  2,12,13,14  1.989    0.0 0.0
    3       2     0.992  1,12,13,14    0.0  1.989 0.0
    4       2     0.993        9,13    0.0 12.306 0.0
    5       2     0.993        9,12 12.306    0.0 0.0
   11       2     0.867       11,13  3.042    0.0 0.0
   11       3    -0.481 10,12,13,14  3.042    0.0 0.0
   12       2     0.867       10,13    0.0  3.042 0.0
   12       3    -0.481  9,12,13,14    0.0  3.042 0.0
   13       2     0.869 10,12,13,14  2.368    0.0 0.0
   13       3     0.479       11,13  2.368    0.0 0.0
   14       2     0.869  9,12,13,14    0.0  2.368 0.0
   14       3     0.479       10,13    0.0  2.368 0.0
   16       2     0.993  2,12,13,15  2.218    0.0 0.0
   17       2     0.993  1,12,13,15    0.0  2.218 0.0
   26       2     0.935  2,12,13,19   3.48    0.0 0.0
   26       3     0.264       11,12   3.48    0.0 0.0
   26       4     0.159  2,12,13,16   3.48    0.0 0.0
   27       2     0.935  1,12,13,19    0.0   3.48 0.0
   27       3     0.264       10,12    0.0   3.48 0.0
   27       4     0.159  1,12,13,16    0.0   3.48 0.0
   52       2     0.726 11,12,13,16  2.007    0.0 0.0
   52       3    -0.492 11,12,13,17  2.007    0.0 0.0
   52       4    -0.451  9,12,13,15  2.007    0.0 0.0
   53       2     0.726 10,12,13,16    0.0  2.007 0.0
   53       3    -0.492 10,12,13,17    0.0  2.007 0.0
   53       4    -0.451  9,12,13,14    0.0  2.007 0.0
   62       2     0.956 11,12,13,17    0.0  1.495 0.0
   63       2     0.956 11,12,13,18  1.495    0.0 0.0
   97       2     0.892  9,12,13,22    0.0  1.312 0.0
   97       3      0.17        7,13    0.0  1.312 0.0
   97       4     -0.17 10,12,13,23    0.0  1.312 0.0
   97       5    -0.169  9,12,13,22    0.0  1.312 0.0
   97       6    -0.152 11,12,13,19    0.0  1.312 0.0
   97       7    -0.151 10,12,13,18    0.0  1.312 0.0
   97       8    -0.151  9,12,13,20    0.0  1.312 0.0
   98       2    -0.892  9,12,13,23  1.312    0.0 0.0
   98       3      0.17        7,12  1.312    0.0 0.0
   98       4     -0.17  9,12,13,23  1.312    0.0 0.0
   98       5     0.169 10,12,13,22  1.312    0.0 0.0
   98       6    -0.152 10,12,13,19  1.312    0.0 0.0
   98       7     0.151 11,12,13,18  1.312    0.0 0.0
   98       8     0.151  9,12,13,21  1.312    0.0 0.0
  100       2     0.838 11,12,13,24    0.0  1.434 0.0
  100       3     0.265 10,12,13,23    0.0  1.434 0.0
  100       4     0.264  9,12,13,22    0.0  1.434 0.0
  100       5     0.198 11,12,13,20    0.0  1.434 0.0
  100       6     0.162 11,12,13,19    0.0  1.434 0.0
  100       7     0.162 10,12,13,18    0.0  1.434 0.0
  101       2     0.838 11,12,13,25  1.434    0.0 0.0
  101       3     0.265  9,12,13,23  1.434    0.0 0.0
  101       4    -0.264 10,12,13,22  1.434    0.0 0.0
  101       5    -0.198 11,12,13,21  1.434    0.0 0.0
  101       6     0.162 10,12,13,19  1.434    0.0 0.0
  101       7    -0.162 11,12,13,18  1.434    0.0 0.0

------------------------
 EXCITED STATES ANALYSIS
------------------------
cut-offs: 
- configurations (%):  0
- soccs (%):  0
- angular momentum (%):  0

state         spin config. amplitude        somo   energy excit. energy  socc         angmom
    1 2.0096226072       2       1.0       12,13 -514.882           0.0    --             --
    2       2.0998       2     0.992  2,12,13,14 -514.684           5.4 166.0  -0.13j,-0j,0j
    3       2.0998       2     0.992  1,12,13,14 -514.684           5.4 166.0   -0j,0.13j,0j
    4       2.0209       2     0.993        9,13 -514.679          5.52 131.0  0j,-1.05j,-0j
    5       2.0209       2     0.993        9,12 -514.679          5.52 131.0    1.05j,0j,0j
    6        2.022       2    -0.706       10,13 -514.675          5.64   0.0    -0j,-0j,-0j
    6        2.022       3     0.706       11,12 -514.675          5.64   0.0    -0j,-0j,-0j
    7        2.022       2     0.706       10,12 -514.675          5.64   0.0      -0j,0j,0j
    7        2.022       3     0.706       11,13 -514.675          5.64   0.0      -0j,0j,0j
    8       2.0199       2     0.707       10,12 -514.669           5.8 237.0    -0j,-0j,-0j
    8       2.0199       3    -0.707       11,13 -514.669           5.8 237.0    -0j,-0j,-0j
    9       2.0266       2      0.65       10,13 -514.633          6.77   0.0     -0j,0j,-0j
    9       2.0266       3      0.65       11,12 -514.633          6.77   0.0     -0j,0j,-0j
    9       2.0266       4     0.267 11,12,13,14 -514.633          6.77   0.0     -0j,0j,-0j
    9       2.0266       5     0.231        9,13 -514.633          6.77   0.0     -0j,0j,-0j
   10       3.9873       2     0.753        9,13 -514.567          8.57   0.0      0j,0j,-0j
   10       3.9873       3    -0.647 11,12,13,14 -514.567          8.57   0.0      0j,0j,-0j
   11       3.7621       2     0.867       11,13 -514.559          8.78 389.0   0.14j,-0j,0j
   11       3.7621       3    -0.481 10,12,13,14 -514.559          8.78 389.0   0.14j,-0j,0j
   12       3.7621       2     0.867       10,13 -514.559          8.78 389.0 -0j,-0.14j,-0j
   12       3.7621       3    -0.481  9,12,13,14 -514.559          8.78 389.0 -0j,-0.14j,-0j
   13       2.1445       2     0.869 10,12,13,14 -514.514         10.03  87.0    0.55j,0j,0j
   13       2.1445       3     0.479       11,13 -514.514         10.03  87.0    0.55j,0j,0j
   14       2.1445       2     0.869  9,12,13,14 -514.514         10.03  87.0  0j,-0.55j,-0j
   14       2.1445       3     0.479       10,13 -514.514         10.03  87.0  0j,-0.55j,-0j
   15       2.0446       2     0.651 11,12,13,14 -514.448         11.81   0.0      -0j,0j,0j
   15       2.0446       3     0.556        9,13 -514.448         11.81   0.0      -0j,0j,0j
   15       2.0446       4     -0.22  1,12,13,20 -514.448         11.81   0.0      -0j,0j,0j
   15       2.0446       5      0.22  2,12,13,21 -514.448         11.81   0.0      -0j,0j,0j
   15       2.0446       6    -0.176       10,13 -514.448         11.81   0.0      -0j,0j,0j
   15       2.0446       7    -0.176       11,12 -514.448         11.81   0.0      -0j,0j,0j
   16       2.1035       2     0.993  2,12,13,15  -514.44         12.03  69.0  -0.78j,-0j,0j
   17       2.1035       2     0.993  1,12,13,15  -514.44         12.03  69.0   -0j,0.78j,0j
   18       2.0482       2     0.962        8,13 -514.409         12.87  93.0  -0j,0.01j,-0j
   19       2.0482       2     0.962        8,12 -514.409         12.87  93.0 -0.01j,-0j,-0j
   20        2.113       2     0.964  2,12,13,16 -514.361         14.17  98.0   0.18j,0j,-0j
   21        2.113       2     0.964  1,12,13,16 -514.361         14.17  98.0  0j,-0.18j,-0j
   22       2.1246       2     0.703  1,12,13,17  -514.36         14.19   0.0    -0j,-0j,-0j
   22       2.1246       3     0.703  2,12,13,18  -514.36         14.19   0.0    -0j,-0j,-0j
   23       2.1244       2    -0.703  1,12,13,18  -514.36         14.19   0.0      0j,-0j,0j
   23       2.1244       3     0.703  2,12,13,17  -514.36         14.19   0.0      0j,-0j,0j
   24       2.3079       2    -0.664  1,12,13,17 -514.354         14.36   0.0    -0j,-0j,-0j
   24       2.3079       3     0.664  2,12,13,18 -514.354         14.36   0.0    -0j,-0j,-0j
   25       2.0921       2     0.705  1,12,13,18 -514.353         14.38 235.0       0j,0j,0j
   25       2.0921       3     0.705  2,12,13,17 -514.353         14.38 235.0       0j,0j,0j
   26       2.2478       2     0.935  2,12,13,19 -514.334         14.92 220.0  -0.48j,-0j,0j
   26       2.2478       3     0.264       11,12 -514.334         14.92 220.0  -0.48j,-0j,0j
   26       2.2478       4     0.159  2,12,13,16 -514.334         14.92 220.0  -0.48j,-0j,0j
   27       2.2478       2     0.935  1,12,13,19 -514.334         14.92 220.0  -0j,0.48j,-0j
   27       2.2478       3     0.264       10,12 -514.334         14.92 220.0  -0j,0.48j,-0j
   27       2.2478       4     0.159  1,12,13,16 -514.334         14.92 220.0  -0j,0.48j,-0j
   28       2.1432       2    -0.694  1,12,13,21 -514.324         15.19   0.0      0j,0j,-0j
   28       2.1432       3     0.694  2,12,13,20 -514.324         15.19   0.0      0j,0j,-0j
   29       2.1431       2     0.694  1,12,13,20 -514.324         15.19   0.0     -0j,-0j,0j
   29       2.1431       3     0.694  2,12,13,21 -514.324         15.19   0.0     -0j,-0j,0j
   30       3.1413       2      0.92       11,12 -514.323         15.22   2.0     0.1j,0j,0j
   30       3.1413       3     -0.29  2,12,13,19 -514.323         15.22   2.0     0.1j,0j,0j
   31       3.1413       2      0.92       10,12 -514.323         15.22   2.0    0j,-0.1j,0j
   31       3.1413       3     -0.29  1,12,13,19 -514.323         15.22   2.0    0j,-0.1j,0j
   32       3.5558       2     0.702        8,13 -514.321         15.25   0.0     -0j,-0j,0j
   32       3.5558       3    -0.356        9,12 -514.321         15.25   0.0     -0j,-0j,0j
   32       3.5558       4    -0.329  8,12,13,14 -514.321         15.25   0.0     -0j,-0j,0j
   32       3.5558       5    -0.263 11,12,13,15 -514.321         15.25   0.0     -0j,-0j,0j
   32       3.5558       6    -0.237  1,12,13,20 -514.321         15.25   0.0     -0j,-0j,0j
   32       3.5558       7     0.237  2,12,13,21 -514.321         15.25   0.0     -0j,-0j,0j
   33       3.2436       2     0.839        9,12 -514.318         15.34   0.0      0j,-0j,0j
   33       3.2436       3     0.277        8,13 -514.318         15.34   0.0      0j,-0j,0j
   33       3.2436       4    -0.237  1,12,13,20 -514.318         15.34   0.0      0j,-0j,0j
   33       3.2436       5     0.237  2,12,13,21 -514.318         15.34   0.0      0j,-0j,0j
   33       3.2436       6     0.205 11,12,13,15 -514.318         15.34   0.0      0j,-0j,0j
   33       3.2436       7     0.181  9,12,13,16 -514.318         15.34   0.0      0j,-0j,0j
   34       2.3982       2     0.686  2,12,13,22 -514.317         15.38   0.0      0j,0j,-0j
   34       2.3982       3     0.681  1,12,13,23 -514.317         15.38   0.0      0j,0j,-0j
   35       2.3982       2     0.686  1,12,13,22 -514.317         15.38   0.0      -0j,0j,0j
   35       2.3982       3    -0.681  2,12,13,23 -514.317         15.38   0.0      -0j,0j,0j
   36       2.0849       2     0.701  1,12,13,21 -514.314         15.45 161.0    -0j,-0j,-0j
   36       2.0849       3     0.701  2,12,13,20 -514.314         15.45 161.0    -0j,-0j,-0j
   37       2.4945       2     0.638  2,12,13,23 -514.297         15.91  43.0   -0j,0.77j,0j
   37       2.4945       3     0.633  1,12,13,22 -514.297         15.91  43.0   -0j,0.77j,0j
   37       2.4945       4     0.247 11,12,13,19 -514.297         15.91  43.0   -0j,0.77j,0j
   37       2.4945       5     0.246 10,12,13,18 -514.297         15.91  43.0   -0j,0.77j,0j
   38       2.4945       2     0.638  1,12,13,23 -514.297         15.91  43.0 -0.77j,-0j,-0j
   38       2.4945       3    -0.633  2,12,13,22 -514.297         15.91  43.0 -0.77j,-0j,-0j
   38       2.4945       4     0.247 10,12,13,19 -514.297         15.91  43.0 -0.77j,-0j,-0j
   38       2.4945       5    -0.246 11,12,13,18 -514.297         15.91  43.0 -0.77j,-0j,-0j
   39       2.4736       2     0.822 11,12,13,15 -514.281         16.35   0.0      0j,-0j,0j
   39       2.4736       3    -0.348        9,12 -514.281         16.35   0.0      0j,-0j,0j
   39       2.4736       4     0.301  9,12,13,16 -514.281         16.35   0.0      0j,-0j,0j
   39       2.4736       5    -0.165 10,12,13,14 -514.281         16.35   0.0      0j,-0j,0j
   39       2.4736       6    -0.165 11,12,13,15 -514.281         16.35   0.0      0j,-0j,0j
   40       2.5689       2     0.964 10,12,13,15 -514.276          16.5  14.0    0.01j,0j,0j
   40       2.5689       3    -0.195       11,12 -514.276          16.5  14.0    0.01j,0j,0j
   41       2.5689       2     0.964  9,12,13,15 -514.276          16.5  14.0  0j,-0.01j,-0j
   41       2.5689       3    -0.195       10,12 -514.276          16.5  14.0  0j,-0.01j,-0j
   42       3.0509       2     0.446  8,12,13,14 -514.275         16.52   0.0     -0j,-0j,0j
   42       3.0509       3     0.398  9,12,13,16 -514.275         16.52   0.0     -0j,-0j,0j
   42       3.0509       4     -0.38 11,12,13,15 -514.275         16.52   0.0     -0j,-0j,0j
   42       3.0509       5    -0.374  1,12,13,20 -514.275         16.52   0.0     -0j,-0j,0j
   42       3.0509       6     0.374  2,12,13,21 -514.275         16.52   0.0     -0j,-0j,0j
   42       3.0509       7    -0.361        8,13 -514.275         16.52   0.0     -0j,-0j,0j
   43        3.221       2     0.689 10,12,13,14 -514.253         17.11   0.0     -0j,0j,-0j
   43        3.221       3    -0.689 11,12,13,15 -514.253         17.11   0.0     -0j,0j,-0j
   44        3.221       2     0.689 10,12,13,15 -514.253         17.11   0.0     -0j,-0j,0j
   44        3.221       3     0.689 11,12,13,14 -514.253         17.11   0.0     -0j,-0j,0j
   45       3.5249       2     0.461 10,12,13,14 -514.251         17.16   0.0      -0j,0j,0j
   45       3.5249       3     0.461 11,12,13,15 -514.251         17.16   0.0      -0j,0j,0j
   45       3.5249       4     0.452  9,12,13,16 -514.251         17.16   0.0      -0j,0j,0j
   45       3.5249       5    -0.334 11,12,13,16 -514.251         17.16   0.0      -0j,0j,0j
   45       3.5249       6     0.208  9,12,13,17 -514.251         17.16   0.0      -0j,0j,0j
   45       3.5249       7    -0.208 10,12,13,18 -514.251         17.16   0.0      -0j,0j,0j
   45       3.5249       8     0.186        8,13 -514.251         17.16   0.0      -0j,0j,0j
   46       3.0069       2     0.705 10,12,13,15 -514.243         17.39 359.0    -0j,-0j,-0j
   46       3.0069       3    -0.705 11,12,13,14 -514.243         17.39 359.0    -0j,-0j,-0j
   47       3.3739       2     0.565 11,12,13,16 -514.241         17.45   0.0      -0j,0j,0j
   47       3.3739       3    -0.439  9,12,13,16 -514.241         17.45   0.0      -0j,0j,0j
   47       3.3739       4     0.318  8,12,13,14 -514.241         17.45   0.0      -0j,0j,0j
   47       3.3739       5     0.245 10,12,13,14 -514.241         17.45   0.0      -0j,0j,0j
   47       3.3739       6     0.245 11,12,13,15 -514.241         17.45   0.0      -0j,0j,0j
   47       3.3739       7    -0.227  1,12,13,20 -514.241         17.45   0.0      -0j,0j,0j
   47       3.3739       8     0.227  2,12,13,21 -514.241         17.45   0.0      -0j,0j,0j
   47       3.3739       9     0.211 11,12,13,15 -514.241         17.45   0.0      -0j,0j,0j
   47       3.3739      10     0.179  9,12,13,17 -514.241         17.45   0.0      -0j,0j,0j
   47       3.3739      11    -0.179 10,12,13,18 -514.241         17.45   0.0      -0j,0j,0j
   47       3.3739      12     0.162        8,13 -514.241         17.45   0.0      -0j,0j,0j
   48        3.369       2     0.827  9,12,13,14 -514.234         17.63   2.0  -0j,0.09j,-0j
   48        3.369       3    -0.474 10,12,13,17 -514.234         17.63   2.0  -0j,0.09j,-0j
   48        3.369       4     0.197 10,12,13,16 -514.234         17.63   2.0  -0j,0.09j,-0j
   48        3.369       5     0.163 11,12,13,17 -514.234         17.63   2.0  -0j,0.09j,-0j
   49        3.369       2     0.827  9,12,13,15 -514.234         17.63   2.0  -0.09j,-0j,0j
   49        3.369       3    -0.474 11,12,13,17 -514.234         17.63   2.0  -0.09j,-0j,0j
   49        3.369       4     0.197 11,12,13,16 -514.234         17.63   2.0  -0.09j,-0j,0j
   49        3.369       5    -0.163 11,12,13,18 -514.234         17.63   2.0  -0.09j,-0j,0j
   50        2.312       2     0.666  1,12,13,25  -514.23         17.74   0.0    -0j,-0j,-0j
   50        2.312       3     0.666  2,12,13,24  -514.23         17.74   0.0    -0j,-0j,-0j
   51       2.3121       2     0.666  1,12,13,24  -514.23         17.74   0.0    -0j,-0j,-0j
   51       2.3121       3    -0.666  2,12,13,25  -514.23         17.74   0.0    -0j,-0j,-0j
   52       3.2301       2     0.726 11,12,13,16 -514.229         17.77 314.0    0.23j,0j,0j
   52       3.2301       3    -0.492 11,12,13,17 -514.229         17.77 314.0    0.23j,0j,0j
   52       3.2301       4    -0.451  9,12,13,15 -514.229         17.77 314.0    0.23j,0j,0j
   53       3.2301       2     0.726 10,12,13,16 -514.229         17.77 314.0  0j,-0.23j,-0j
   53       3.2301       3    -0.492 10,12,13,17 -514.229         17.77 314.0  0j,-0.23j,-0j
   53       3.2301       4    -0.451  9,12,13,14 -514.229         17.77 314.0  0j,-0.23j,-0j
   54       3.0175       2     0.688  9,12,13,17 -514.225         17.88   0.0       0j,0j,0j
   54       3.0175       3    -0.411  1,12,13,24 -514.225         17.88   0.0       0j,0j,0j
   54       3.0175       4    -0.411  2,12,13,25 -514.225         17.88   0.0       0j,0j,0j
   54       3.0175       5     0.178 10,12,13,20 -514.225         17.88   0.0       0j,0j,0j
   54       3.0175       6    -0.178 11,12,13,21 -514.225         17.88   0.0       0j,0j,0j
   54       3.0175       7     0.153 10,12,13,22 -514.225         17.88   0.0       0j,0j,0j
   54       3.0175       8    -0.153 11,12,13,23 -514.225         17.88   0.0       0j,0j,0j
   55       2.1559       2     0.684  1,12,13,25 -514.219         18.05 214.0     -0j,-0j,0j
   55       2.1559       3    -0.684  2,12,13,24 -514.219         18.05 214.0     -0j,-0j,0j
   55       2.1559       4    -0.155  9,12,13,18 -514.219         18.05 214.0     -0j,-0j,0j
   55       2.1559       5    -0.155 10,12,13,17 -514.219         18.05 214.0     -0j,-0j,0j
   56        3.161       2     0.696 11,12,13,17 -514.217         18.09 203.0  0.04j,-0j,-0j
   56        3.161       3     0.636 11,12,13,16 -514.217         18.09 203.0  0.04j,-0j,-0j
   56        3.161       4     0.264  9,12,13,15 -514.217         18.09 203.0  0.04j,-0j,-0j
   57        3.161       2     0.696 10,12,13,17 -514.217         18.09 203.0 -0j,-0.04j,-0j
   57        3.161       3     0.636 10,12,13,16 -514.217         18.09 203.0 -0j,-0.04j,-0j
   57        3.161       4     0.264  9,12,13,14 -514.217         18.09 203.0 -0j,-0.04j,-0j
   58       3.1056       2     0.564  9,12,13,17 -514.213          18.2   0.0     -0j,0j,-0j
   58       3.1056       3      0.31 11,12,13,16 -514.213          18.2   0.0     -0j,0j,-0j
   58       3.1056       4     0.303  1,12,13,24 -514.213          18.2   0.0     -0j,0j,-0j
   58       3.1056       5     0.303  2,12,13,25 -514.213          18.2   0.0     -0j,0j,-0j
   58       3.1056       6    -0.292 11,12,13,19 -514.213          18.2   0.0     -0j,0j,-0j
   58       3.1056       7     0.214  9,12,13,16 -514.213          18.2   0.0     -0j,0j,-0j
   58       3.1056       8     -0.21 10,12,13,20 -514.213          18.2   0.0     -0j,0j,-0j
   58       3.1056       9      0.21 11,12,13,21 -514.213          18.2   0.0     -0j,0j,-0j
   58       3.1056      10    -0.152 10,12,13,22 -514.213          18.2   0.0     -0j,0j,-0j
   58       3.1056      11     0.152 11,12,13,23 -514.213          18.2   0.0     -0j,0j,-0j
   59       2.4875       2     0.666  8,12,13,14 -514.211         18.25   0.0      0j,0j,-0j
   59       2.4875       3    -0.332  9,12,13,17 -514.211         18.25   0.0      0j,0j,-0j
   59       2.4875       4     0.332 10,12,13,18 -514.211         18.25   0.0      0j,0j,-0j
   59       2.4875       5     0.328        8,13 -514.211         18.25   0.0      0j,0j,-0j
   59       2.4875       6    -0.272 11,12,13,16 -514.211         18.25   0.0      0j,0j,-0j
   60       3.3146       2     0.657 11,12,13,18  -514.21         18.29   0.0     -0j,-0j,0j
   60       3.3146       3     0.653 10,12,13,19  -514.21         18.29   0.0     -0j,-0j,0j
   60       3.3146       4    -0.209 10,12,13,22  -514.21         18.29   0.0     -0j,-0j,0j
   60       3.3146       5    -0.206  9,12,13,23  -514.21         18.29   0.0     -0j,-0j,0j
   60       3.3146       6    -0.166  2,12,13,22  -514.21         18.29   0.0     -0j,-0j,0j
   60       3.3146       7    -0.165  1,12,13,23  -514.21         18.29   0.0     -0j,-0j,0j
   61       3.3146       2     0.657 10,12,13,18  -514.21         18.29   0.0     0j,-0j,-0j
   61       3.3146       3    -0.653 11,12,13,19  -514.21         18.29   0.0     0j,-0j,-0j
   61       3.3146       4    -0.209  9,12,13,22  -514.21         18.29   0.0     0j,-0j,-0j
   61       3.3146       5     0.206 10,12,13,23  -514.21         18.29   0.0     0j,-0j,-0j
   61       3.3146       6    -0.166  1,12,13,22  -514.21         18.29   0.0     0j,-0j,-0j
   61       3.3146       7     0.165  2,12,13,23  -514.21         18.29   0.0     0j,-0j,-0j
   62        2.781       2     0.956 11,12,13,17 -514.203         18.47 157.0 -0j,-0.35j,-0j
   63        2.781       2     0.956 11,12,13,18 -514.203         18.47 157.0   -0.35j,0j,0j
   64       2.5997       2     0.674  9,12,13,17   -514.2         18.55   0.0     -0j,0j,-0j
   64       2.5997       3     0.674 10,12,13,18   -514.2         18.55   0.0     -0j,0j,-0j
   65       2.5998       2    -0.674  9,12,13,18   -514.2         18.55   0.0     -0j,0j,-0j
   65       2.5998       3     0.674 10,12,13,17   -514.2         18.55   0.0     -0j,0j,-0j
   66       2.8915       2      0.84 10,12,13,16 -514.198         18.61  62.0   0.02j,0j,-0j
   66       2.8915       3    -0.227 10,12,13,19 -514.198         18.61  62.0   0.02j,0j,-0j
   66       2.8915       4     0.224 11,12,13,18 -514.198         18.61  62.0   0.02j,0j,-0j
   66       2.8915       5    -0.198 11,12,13,21 -514.198         18.61  62.0   0.02j,0j,-0j
   66       2.8915       6     0.168  9,12,13,23 -514.198         18.61  62.0   0.02j,0j,-0j
   66       2.8915       7    -0.168 10,12,13,22 -514.198         18.61  62.0   0.02j,0j,-0j
   66       2.8915       8      0.15  9,12,13,21 -514.198         18.61  62.0   0.02j,0j,-0j
   67       2.8915       2      0.84  9,12,13,16 -514.198         18.61  62.0   0j,-0.02j,0j
   67       2.8915       3    -0.227 11,12,13,19 -514.198         18.61  62.0   0j,-0.02j,0j
   67       2.8915       4    -0.224 10,12,13,18 -514.198         18.61  62.0   0j,-0.02j,0j
   67       2.8915       5     0.198 11,12,13,20 -514.198         18.61  62.0   0j,-0.02j,0j
   67       2.8915       6     0.168 10,12,13,23 -514.198         18.61  62.0   0j,-0.02j,0j
   67       2.8915       7     0.168  9,12,13,22 -514.198         18.61  62.0   0j,-0.02j,0j
   67       2.8915       8     -0.15  9,12,13,20 -514.198         18.61  62.0   0j,-0.02j,0j
   68       2.8758       2     0.686  9,12,13,18 -514.195          18.7 242.0      0j,-0j,0j
   68       2.8758       3     0.686 10,12,13,17 -514.195          18.7 242.0      0j,-0j,0j
   69       2.8364       2     0.606 11,12,13,19 -514.192         18.78   0.0     0j,-0j,-0j
   69       2.8364       3     0.397 11,12,13,16 -514.192         18.78   0.0     0j,-0j,-0j
   69       2.8364       4    -0.386  9,12,13,17 -514.192         18.78   0.0     0j,-0j,-0j
   69       2.8364       5     0.386 10,12,13,18 -514.192         18.78   0.0     0j,-0j,-0j
   69       2.8364       6     0.191  9,12,13,16 -514.192         18.78   0.0     0j,-0j,-0j
   69       2.8364       7    -0.186  9,12,13,20 -514.192         18.78   0.0     0j,-0j,-0j
   69       2.8364       8     0.186 10,12,13,21 -514.192         18.78   0.0     0j,-0j,-0j
   70       3.3102       2     0.467  9,12,13,16 -514.188         18.89  91.0   0j,-0.5j,-0j
   70       3.3102       3     0.382 11,12,13,19 -514.188         18.89  91.0   0j,-0.5j,-0j
   70       3.3102       4     0.378 10,12,13,18 -514.188         18.89  91.0   0j,-0.5j,-0j
   70       3.3102       5    -0.347 10,12,13,23 -514.188         18.89  91.0   0j,-0.5j,-0j
   70       3.3102       6    -0.347  9,12,13,22 -514.188         18.89  91.0   0j,-0.5j,-0j
   70       3.3102       7    -0.302 11,12,13,20 -514.188         18.89  91.0   0j,-0.5j,-0j
   70       3.3102       8    -0.236  9,12,13,19 -514.188         18.89  91.0   0j,-0.5j,-0j
   70       3.3102       9    -0.166  2,12,13,23 -514.188         18.89  91.0   0j,-0.5j,-0j
   70       3.3102      10    -0.165  1,12,13,22 -514.188         18.89  91.0   0j,-0.5j,-0j
   71       3.3102       2     0.467 10,12,13,16 -514.188         18.89  91.0     0.5j,0j,0j
   71       3.3102       3     0.382 10,12,13,19 -514.188         18.89  91.0     0.5j,0j,0j
   71       3.3102       4    -0.378 11,12,13,18 -514.188         18.89  91.0     0.5j,0j,0j
   71       3.3102       5    -0.347  9,12,13,23 -514.188         18.89  91.0     0.5j,0j,0j
   71       3.3102       6     0.347 10,12,13,22 -514.188         18.89  91.0     0.5j,0j,0j
   71       3.3102       7     0.302 11,12,13,21 -514.188         18.89  91.0     0.5j,0j,0j
   71       3.3102       8    -0.236 10,12,13,19 -514.188         18.89  91.0     0.5j,0j,0j
   71       3.3102       9    -0.166  1,12,13,23 -514.188         18.89  91.0     0.5j,0j,0j
   71       3.3102      10     0.165  2,12,13,22 -514.188         18.89  91.0     0.5j,0j,0j
   72       3.1008       2      0.53 11,12,13,19 -514.181         19.07   0.0     -0j,-0j,0j
   72       3.1008       3     0.413  9,12,13,20 -514.181         19.07   0.0     -0j,-0j,0j
   72       3.1008       4    -0.413 10,12,13,21 -514.181         19.07   0.0     -0j,-0j,0j
   72       3.1008       5    -0.258 10,12,13,20 -514.181         19.07   0.0     -0j,-0j,0j
   72       3.1008       6     0.258 11,12,13,21 -514.181         19.07   0.0     -0j,-0j,0j
   72       3.1008       7     -0.21  1,12,13,24 -514.181         19.07   0.0     -0j,-0j,0j
   72       3.1008       8     -0.21  2,12,13,25 -514.181         19.07   0.0     -0j,-0j,0j
   72       3.1008       9     -0.19 11,12,13,16 -514.181         19.07   0.0     -0j,-0j,0j
   73       3.6897       2     0.537  9,12,13,18 -514.177         19.17   0.0      0j,0j,-0j
   73       3.6897       3     0.368 10,12,13,20 -514.177         19.17   0.0      0j,0j,-0j
   73       3.6897       4     0.368 11,12,13,21 -514.177         19.17   0.0      0j,0j,-0j
   73       3.6897       5    -0.309  9,12,13,20 -514.177         19.17   0.0      0j,0j,-0j
   73       3.6897       6    -0.309 10,12,13,21 -514.177         19.17   0.0      0j,0j,-0j
   73       3.6897       7     -0.26 11,12,13,22 -514.177         19.17   0.0      0j,0j,-0j
   73       3.6897       8     0.186  1,12,13,24 -514.177         19.17   0.0      0j,0j,-0j
   73       3.6897       9    -0.186  2,12,13,25 -514.177         19.17   0.0      0j,0j,-0j
   73       3.6897      10     0.166 10,12,13,22 -514.177         19.17   0.0      0j,0j,-0j
   73       3.6897      11     0.166 11,12,13,23 -514.177         19.17   0.0      0j,0j,-0j
   74       3.6905       2     0.534  9,12,13,19 -514.177         19.17   0.0     -0j,0j,-0j
   74       3.6905       3     -0.37 10,12,13,21 -514.177         19.17   0.0     -0j,0j,-0j
   74       3.6905       4      0.37 11,12,13,20 -514.177         19.17   0.0     -0j,0j,-0j
   74       3.6905       5      0.31  9,12,13,21 -514.177         19.17   0.0     -0j,0j,-0j
   74       3.6905       6     -0.31 10,12,13,20 -514.177         19.17   0.0     -0j,0j,-0j
   74       3.6905       7    -0.259 11,12,13,23 -514.177         19.17   0.0     -0j,0j,-0j
   74       3.6905       8     0.186  1,12,13,25 -514.177         19.17   0.0     -0j,0j,-0j
   74       3.6905       9     0.186  2,12,13,24 -514.177         19.17   0.0     -0j,0j,-0j
   74       3.6905      10    -0.167 10,12,13,23 -514.177         19.17   0.0     -0j,0j,-0j
   74       3.6905      11     0.167 11,12,13,22 -514.177         19.17   0.0     -0j,0j,-0j
   75       3.1938       2     0.701  9,12,13,19 -514.176          19.2  61.0   0j,0.16j,-0j
   75       3.1938       3    -0.505 11,12,13,20 -514.176          19.2  61.0   0j,0.16j,-0j
   75       3.1938       4     0.391  9,12,13,20 -514.176          19.2  61.0   0j,0.16j,-0j
   75       3.1938       5     0.194  9,12,13,16 -514.176          19.2  61.0   0j,0.16j,-0j
   76       3.1938       2     0.701 10,12,13,19 -514.176          19.2  61.0   -0.16j,0j,0j
   76       3.1938       3     0.505 11,12,13,21 -514.176          19.2  61.0   -0.16j,0j,0j
   76       3.1938       4    -0.391  9,12,13,21 -514.176          19.2  61.0   -0.16j,0j,0j
   76       3.1938       5     0.194 10,12,13,16 -514.176          19.2  61.0   -0.16j,0j,0j
   77       3.3562       2     0.626  9,12,13,19 -514.171         19.35 206.0   0j,0.09j,-0j
   77       3.3562       3     -0.54  9,12,13,20 -514.171         19.35 206.0   0j,0.09j,-0j
   77       3.3562       4     0.375 11,12,13,20 -514.171         19.35 206.0   0j,0.09j,-0j
   77       3.3562       5     -0.21  9,12,13,22 -514.171         19.35 206.0   0j,0.09j,-0j
   77       3.3562       6    -0.209 10,12,13,23 -514.171         19.35 206.0   0j,0.09j,-0j
   78       3.3562       2     0.626 10,12,13,19 -514.171         19.35 206.0  -0.09j,0j,-0j
   78       3.3562       3      0.54  9,12,13,21 -514.171         19.35 206.0  -0.09j,0j,-0j
   78       3.3562       4    -0.375 11,12,13,21 -514.171         19.35 206.0  -0.09j,0j,-0j
   78       3.3562       5      0.21 10,12,13,22 -514.171         19.35 206.0  -0.09j,0j,-0j
   78       3.3562       6    -0.209  9,12,13,23 -514.171         19.35 206.0  -0.09j,0j,-0j
   79       3.3374       2     0.805  9,12,13,18 -514.163         19.58   0.0      0j,0j,-0j
   79       3.3374       3    -0.319 10,12,13,20 -514.163         19.58   0.0      0j,0j,-0j
   79       3.3374       4    -0.319 11,12,13,21 -514.163         19.58   0.0      0j,0j,-0j
   79       3.3374       5     0.253  9,12,13,20 -514.163         19.58   0.0      0j,0j,-0j
   79       3.3374       6     0.253 10,12,13,21 -514.163         19.58   0.0      0j,0j,-0j
   80       3.3383       2     0.807  9,12,13,19 -514.162         19.58   0.0      -0j,0j,0j
   80       3.3383       3     0.318 10,12,13,21 -514.162         19.58   0.0      -0j,0j,0j
   80       3.3383       4    -0.318 11,12,13,20 -514.162         19.58   0.0      -0j,0j,0j
   80       3.3383       5    -0.252  9,12,13,21 -514.162         19.58   0.0      -0j,0j,0j
   80       3.3383       6     0.252 10,12,13,20 -514.162         19.58   0.0      -0j,0j,0j
   81       2.0884       2     0.672  9,12,13,20 -514.155         19.79  18.0  -0j,-0.23j,0j
   81       2.0884       3     0.618 11,12,13,20 -514.155         19.79  18.0  -0j,-0.23j,0j
   81       2.0884       4    -0.246  9,12,13,22 -514.155         19.79  18.0  -0j,-0.23j,0j
   81       2.0884       5    -0.239 10,12,13,23 -514.155         19.79  18.0  -0j,-0.23j,0j
   81       2.0884       6    -0.159        7,13 -514.155         19.79  18.0  -0j,-0.23j,0j
   82       2.0884       2     0.672  9,12,13,21 -514.155         19.79  18.0  -0.23j,0j,-0j
   82       2.0884       3     0.618 11,12,13,21 -514.155         19.79  18.0  -0.23j,0j,-0j
   82       2.0884       4    -0.246 10,12,13,22 -514.155         19.79  18.0  -0.23j,0j,-0j
   82       2.0884       5     0.239  9,12,13,23 -514.155         19.79  18.0  -0.23j,0j,-0j
   82       2.0884       6     0.159        7,12 -514.155         19.79  18.0  -0.23j,0j,-0j
   83       2.9927       2     0.688 10,12,13,21 -514.154         19.81   5.0     0j,-0j,-0j
   83       2.9927       3     0.688 11,12,13,20 -514.154         19.81   5.0     0j,-0j,-0j
   83       2.9927       4     0.156 10,12,13,23 -514.154         19.81   5.0     0j,-0j,-0j
   83       2.9927       5     0.156 11,12,13,22 -514.154         19.81   5.0     0j,-0j,-0j
   84       2.9266       2     0.696  9,12,13,21 -514.154         19.81  70.0      0j,-0j,0j
   84       2.9266       3     0.696 10,12,13,20 -514.154         19.81  70.0      0j,-0j,0j
   85       2.0641       2     0.548  9,12,13,20 -514.153         19.83   0.0     -0j,-0j,0j
   85       2.0641       3     0.548 10,12,13,21 -514.153         19.83   0.0     -0j,-0j,0j
   85       2.0641       4     0.424 10,12,13,20 -514.153         19.83   0.0     -0j,-0j,0j
   85       2.0641       5     0.424 11,12,13,21 -514.153         19.83   0.0     -0j,-0j,0j
   86       2.0636       2     0.548  9,12,13,21 -514.153         19.83   0.0      0j,-0j,0j
   86       2.0636       3    -0.548 10,12,13,20 -514.153         19.83   0.0      0j,-0j,0j
   86       2.0636       4     0.424 10,12,13,21 -514.153         19.83   0.0      0j,-0j,0j
   86       2.0636       5    -0.424 11,12,13,20 -514.153         19.83   0.0      0j,-0j,0j
   87       2.3108       2     0.666 10,12,13,23  -514.15         19.93   0.0      0j,0j,-0j
   87       2.3108       3    -0.663  9,12,13,22  -514.15         19.93   0.0      0j,0j,-0j
   87       2.3108       4     -0.23 10,12,13,18  -514.15         19.93   0.0      0j,0j,-0j
   87       2.3108       5     0.229 11,12,13,19  -514.15         19.93   0.0      0j,0j,-0j
   88       2.3108       2     0.666  9,12,13,23  -514.15         19.93   0.0     -0j,0j,-0j
   88       2.3108       3     0.663 10,12,13,22  -514.15         19.93   0.0     -0j,0j,-0j
   88       2.3108       4      0.23 11,12,13,18  -514.15         19.93   0.0     -0j,0j,-0j
   88       2.3108       5     0.229 10,12,13,19  -514.15         19.93   0.0     -0j,0j,-0j
   89       2.6912       2     0.943 11,12,13,22 -514.147         20.01   0.0       0j,0j,0j
   89       2.6912       3     0.188  9,12,13,18 -514.147         20.01   0.0       0j,0j,0j
   89       2.6912       4     0.182 10,12,13,20 -514.147         20.01   0.0       0j,0j,0j
   89       2.6912       5     0.182 11,12,13,21 -514.147         20.01   0.0       0j,0j,0j
   90       2.6902       2     0.943 11,12,13,23 -514.147         20.01   0.0      -0j,0j,0j
   90       2.6902       3     0.189  9,12,13,19 -514.147         20.01   0.0      -0j,0j,0j
   90       2.6902       4    -0.181 10,12,13,21 -514.147         20.01   0.0      -0j,0j,0j
   90       2.6902       5     0.181 11,12,13,20 -514.147         20.01   0.0      -0j,0j,0j
   91       2.5738       2    -0.499 10,12,13,20  -514.14          20.2   0.0      0j,-0j,0j
   91       2.5738       3     0.499 11,12,13,21  -514.14          20.2   0.0      0j,-0j,0j
   91       2.5738       4     0.312 10,12,13,22  -514.14          20.2   0.0      0j,-0j,0j
   91       2.5738       5    -0.312 11,12,13,23  -514.14          20.2   0.0      0j,-0j,0j
   91       2.5738       6    -0.198 11,12,13,19  -514.14          20.2   0.0      0j,-0j,0j
   91       2.5738       7    -0.197  1,12,13,24  -514.14          20.2   0.0      0j,-0j,0j
   91       2.5738       8    -0.197  2,12,13,25  -514.14          20.2   0.0      0j,-0j,0j
   91       2.5738       9     0.177  9,12,13,16  -514.14          20.2   0.0      0j,-0j,0j
   91       2.5738      10     -0.17  9,12,13,17  -514.14          20.2   0.0      0j,-0j,0j
   91       2.5738      11     0.165 11,12,13,16  -514.14          20.2   0.0      0j,-0j,0j
   91       2.5738      12     0.164        8,12  -514.14          20.2   0.0      0j,-0j,0j
   92        2.054       2     0.938        7,13 -514.117         20.82  58.0 -0j,-0.15j,-0j
   93        2.054       2     0.938        7,12 -514.117         20.82  58.0  0.15j,-0j,-0j
   94       3.3478       2    -0.656 10,12,13,23 -514.106         21.13   0.0     0j,-0j,-0j
   94       3.3478       3     0.656 11,12,13,22 -514.106         21.13   0.0     0j,-0j,-0j
   94       3.3478       4     0.192 10,12,13,21 -514.106         21.13   0.0     0j,-0j,-0j
   94       3.3478       5    -0.192 11,12,13,20 -514.106         21.13   0.0     0j,-0j,-0j
   95       3.3481       2     0.655 10,12,13,22 -514.106         21.13   0.0     0j,-0j,-0j
   95       3.3481       3     0.655 11,12,13,23 -514.106         21.13   0.0     0j,-0j,-0j
   95       3.3481       4    -0.192 10,12,13,20 -514.106         21.13   0.0     0j,-0j,-0j
   95       3.3481       5    -0.192 11,12,13,21 -514.106         21.13   0.0     0j,-0j,-0j
   96       3.2216       2    -0.411  9,12,13,24   -514.1         21.27   0.0      0j,-0j,0j
   96       3.2216       3    -0.411 10,12,13,25   -514.1         21.27   0.0      0j,-0j,0j
   96       3.2216       4    -0.369 10,12,13,22   -514.1         21.27   0.0      0j,-0j,0j
   96       3.2216       5     0.369 11,12,13,23   -514.1         21.27   0.0      0j,-0j,0j
   96       3.2216       6    -0.368  9,12,13,20   -514.1         21.27   0.0      0j,-0j,0j
   96       3.2216       7     0.368 10,12,13,21   -514.1         21.27   0.0      0j,-0j,0j
   97       3.0702       2     0.892  9,12,13,22 -514.099          21.3 149.0    0j,0.38j,0j
   97       3.0702       3      0.17        7,13 -514.099          21.3 149.0    0j,0.38j,0j
   97       3.0702       4     -0.17 10,12,13,23 -514.099          21.3 149.0    0j,0.38j,0j
   97       3.0702       5    -0.169  9,12,13,22 -514.099          21.3 149.0    0j,0.38j,0j
   97       3.0702       6    -0.152 11,12,13,19 -514.099          21.3 149.0    0j,0.38j,0j
   97       3.0702       7    -0.151 10,12,13,18 -514.099          21.3 149.0    0j,0.38j,0j
   97       3.0702       8    -0.151  9,12,13,20 -514.099          21.3 149.0    0j,0.38j,0j
   98       3.0702       2    -0.892  9,12,13,23 -514.099          21.3 149.0  -0.38j,0j,-0j
   98       3.0702       3      0.17        7,12 -514.099          21.3 149.0  -0.38j,0j,-0j
   98       3.0702       4     -0.17  9,12,13,23 -514.099          21.3 149.0  -0.38j,0j,-0j
   98       3.0702       5     0.169 10,12,13,22 -514.099          21.3 149.0  -0.38j,0j,-0j
   98       3.0702       6    -0.152 10,12,13,19 -514.099          21.3 149.0  -0.38j,0j,-0j
   98       3.0702       7     0.151 11,12,13,18 -514.099          21.3 149.0  -0.38j,0j,-0j
   98       3.0702       8     0.151  9,12,13,21 -514.099          21.3 149.0  -0.38j,0j,-0j
   99       3.0069       2     0.689 10,12,13,23 -514.096         21.39 208.0      0j,-0j,0j
   99       3.0069       3     0.689 11,12,13,22 -514.096         21.39 208.0      0j,-0j,0j
   99       3.0069       4    -0.157 10,12,13,21 -514.096         21.39 208.0      0j,-0j,0j
   99       3.0069       5    -0.157 11,12,13,20 -514.096         21.39 208.0      0j,-0j,0j
  100       2.9362       2     0.838 11,12,13,24 -514.083         21.73 128.0  0j,-0.49j,-0j
  100       2.9362       3     0.265 10,12,13,23 -514.083         21.73 128.0  0j,-0.49j,-0j
  100       2.9362       4     0.264  9,12,13,22 -514.083         21.73 128.0  0j,-0.49j,-0j
  100       2.9362       5     0.198 11,12,13,20 -514.083         21.73 128.0  0j,-0.49j,-0j
  100       2.9362       6     0.162 11,12,13,19 -514.083         21.73 128.0  0j,-0.49j,-0j
  100       2.9362       7     0.162 10,12,13,18 -514.083         21.73 128.0  0j,-0.49j,-0j
  101       2.9362       2     0.838 11,12,13,25 -514.083         21.73 128.0    0.49j,0j,0j
  101       2.9362       3     0.265  9,12,13,23 -514.083         21.73 128.0    0.49j,0j,0j
  101       2.9362       4    -0.264 10,12,13,22 -514.083         21.73 128.0    0.49j,0j,0j
  101       2.9362       5    -0.198 11,12,13,21 -514.083         21.73 128.0    0.49j,0j,0j
  101       2.9362       6     0.162 10,12,13,19 -514.083         21.73 128.0    0.49j,0j,0j
  101       2.9362       7    -0.162 11,12,13,18 -514.083         21.73 128.0    0.49j,0j,0j
------------------------------
 SUM-OVER-STATE ANALYSIS
------------------------------
Technique used: Effective Hamiltonian
cut-offs g-value (%):  0.5
 state      gxx      gyy    gzz
     2    0.703   -0.007 -0.007
     3   -0.007   -0.703 -0.007
     4   -0.004    4.351 -0.004
     5   -4.351   -0.004 -0.004
     6    0.000    0.000  0.000
     7    0.000    0.000  0.000
     8   -0.013   -0.013 -0.000
     9    0.000    0.000  0.000
    10    0.000    0.000  0.000
    11 -268.260 -268.268 -0.009
    12 -268.268 -268.260 -0.009
    13    0.837   -0.001 -0.001
    14   -0.001   -0.837 -0.001
    15    0.000    0.000  0.000
    16    0.784   -0.000 -0.000
    17   -0.000   -0.784 -0.000
    18   -0.000   -0.009 -0.000
    19    0.009   -0.000 -0.000
    20   -0.220   -0.000 -0.000
    21   -0.000    0.220 -0.000
    22    0.000    0.000  0.000
    23    0.000    0.000  0.000
    24    0.000    0.000  0.000
    25   -0.002   -0.002 -0.000
    26   -1.230   -0.002 -0.002
    27   -0.002    1.230 -0.002
    28    0.000    0.000  0.000
    29    0.000    0.000  0.000
    30   -0.002   -0.000 -0.000
    31   -0.000    0.002 -0.000
    32    0.000    0.000  0.000
    33    0.000    0.000  0.000
    34   -0.000   -0.000 -0.000
    35   -0.000    0.000 -0.000
    36   -0.001   -0.001 -0.000
    37   -0.000    0.368 -0.000
    38   -0.368   -0.000 -0.000
    39    0.000    0.000  0.000
    40   -0.001   -0.000 -0.000
    41   -0.000    0.001 -0.000
    42    0.000    0.000  0.000
    43    0.000    0.000  0.000
    44    0.000    0.000  0.000
    45    0.000    0.000  0.000
    46   -0.003   -0.003  0.000
    47    0.000    0.000  0.000
    48   -0.000   -0.001 -0.000
    49    0.001   -0.000 -0.000
    50    0.000    0.000  0.000
    51    0.000    0.000  0.000
    52   -0.710   -0.002 -0.002
    53   -0.002    0.710 -0.002
    54    0.000    0.000  0.000
    55   -0.001   -0.001  0.000
    56    0.081   -0.001 -0.001
    57   -0.001   -0.081 -0.001
    58    0.000    0.000  0.000
    59    0.000    0.000  0.000
    60    0.000   -0.000 -0.000
    61   -0.000   -0.000 -0.000
    62   -0.001   -0.529 -0.001
    63    0.529   -0.001 -0.001
    64    0.000    0.000  0.000
    65    0.000    0.000  0.000
    66    0.012   -0.000 -0.000
    67   -0.000   -0.012 -0.000
    68   -0.001   -0.001  0.000
    69    0.000    0.000  0.000
    70   -0.000   -0.424 -0.000
    71    0.424   -0.000 -0.000
    72    0.000    0.000  0.000
    73    0.000    0.000  0.000
    74    0.000    0.000  0.000
    75   -0.000   -0.088 -0.000
    76    0.088   -0.000 -0.000
    77   -0.001   -0.163 -0.001
    78    0.163   -0.001 -0.001
    79    0.000    0.000  0.000
    80    0.000    0.000  0.000
    81   -0.000    0.038 -0.000
    82   -0.038   -0.000 -0.000
    83   -0.000   -0.000  0.000
    84   -0.000   -0.000  0.000
    85    0.000    0.000  0.000
    86    0.000    0.000  0.000
    87   -0.000    0.000 -0.000
    88   -0.000   -0.000 -0.000
    89    0.000    0.000  0.000
    90    0.000    0.000  0.000
    91    0.000    0.000  0.000
    92   -0.000    0.072 -0.000
    93   -0.072   -0.000 -0.000
    94    0.000    0.000  0.000
    95    0.000    0.000  0.000
    96    0.000    0.000  0.000
    97   -0.000   -0.464 -0.000
    98    0.464   -0.000 -0.000
    99   -0.001   -0.001  0.000
   100   -0.000    0.507 -0.000
   101   -0.507   -0.000 -0.000

