
---------------------
 G-SHIFT RESULTS
---------------------
File selected:  nf_4_3.out
States:  [1, 2, 3, 4, 5, 6, 7, 8, 9, 10, 11, 12, 13, 14, 15, 16, 17, 18, 19, 20, 21, 22, 23, 24, 25, 26, 27, 28, 29, 30]
States multiplicity: 
- triplets = 27: [1, 2, 3, 4, 5, 7, 8, 9, 10, 11, 12, 13, 14, 15, 16, 17, 18, 19, 20, 21, 23, 24, 25, 26, 27, 29, 30]
- quintets = 3: [6, 22, 28]
g-factor (x y z dimensions) in ppt: 1.205 -1.206 -0.001

----------------------
 G-TENSOR ANALYSIS
----------------------
cut-offs: 
- g-shift estimation (%): 0.1
- configurations (%):  0
- somos to add to new active space:  [4, 7, 8, 9, 10, 11, 14]

state config. amplitude somo   gxx   gyy gzz
    1       1     0.997  8,9    --    --  --
    2       1     0.955  7,9 0.114  3.32 0.0
    2       2    -0.209  4,9 0.114  3.32 0.0
    2       3    -0.116 9,10 0.114  3.32 0.0
    3       1     0.955  7,8  3.32 0.114 0.0
    3       2    -0.209  4,8  3.32 0.114 0.0
    3       3     0.116 8,10  3.32 0.114 0.0
   13       1     0.906 8,11 0.379  0.09 0.0
   13       2     0.216 9,11 0.379  0.09 0.0
   13       3    -0.212  4,8 0.379  0.09 0.0
   13       4    -0.178 8,10 0.379  0.09 0.0
   14       1     0.906 9,11  0.09 0.379 0.0
   14       2    -0.216 8,11  0.09 0.379 0.0
   14       3     0.212  4,9  0.09 0.379 0.0
   14       4    -0.178 9,10  0.09 0.379 0.0
   16       1     0.712  4,9 0.245 0.344 0.0
   16       2    -0.506  4,8 0.245 0.344 0.0
   16       3    -0.217 9,11 0.245 0.344 0.0
   16       4    -0.178 9,10 0.245 0.344 0.0
   16       5    -0.154 8,11 0.245 0.344 0.0
   16       6    -0.131 9,14 0.245 0.344 0.0
   16       7     0.127 8,10 0.245 0.344 0.0
   16       8     0.124  7,9 0.245 0.344 0.0
   17       1     0.712  4,8 0.344 0.245 0.0
   17       2     0.506  4,9 0.344 0.245 0.0
   17       3     0.217 8,11 0.344 0.245 0.0
   17       4    -0.178 8,10 0.344 0.245 0.0
   17       5    -0.154 9,11 0.344 0.245 0.0
   17       6    -0.131 8,14 0.344 0.245 0.0
   17       7    -0.127 9,10 0.344 0.245 0.0
   17       8     0.124  7,8 0.344 0.245 0.0

------------------------
 EXCITED STATES ANALYSIS
------------------------
cut-offs: 
- configurations (%):  0
- soccs (%):  0
- angular momentum (%):  0

state spin config. amplitude     somo   energy excit. energy socc            angmom
    1  2.0       1     0.997      8,9 -153.846           0.0   --                --
    2  2.0       1     0.955      7,9 -153.584          7.13 56.0  -0.03j,0.85j,-0j
    2  2.0       2    -0.209      4,9 -153.584          7.13 56.0  -0.03j,0.85j,-0j
    2  2.0       3    -0.116     9,10 -153.584          7.13 56.0  -0.03j,0.85j,-0j
    3  2.0       1     0.955      7,8 -153.584          7.13 56.0 -0.85j,-0.03j,-0j
    3  2.0       2    -0.209      4,8 -153.584          7.13 56.0 -0.85j,-0.03j,-0j
    3  2.0       3     0.116     8,10 -153.584          7.13 56.0 -0.85j,-0.03j,-0j
    4  2.0       1     0.839     8,10 -153.513          9.08  2.0   0.71j,0.02j,-0j
    4  2.0       2     0.446     8,14 -153.513          9.08  2.0   0.71j,0.02j,-0j
    4  2.0       3     0.164     8,11 -153.513          9.08  2.0   0.71j,0.02j,-0j
    4  2.0       4    -0.151      7,8 -153.513          9.08  2.0   0.71j,0.02j,-0j
    4  2.0       5    -0.115      4,8 -153.513          9.08  2.0   0.71j,0.02j,-0j
    4  2.0       6     0.113     8,15 -153.513          9.08  2.0   0.71j,0.02j,-0j
    4  2.0       7     0.101     8,10 -153.513          9.08  2.0   0.71j,0.02j,-0j
    5  2.0       1     0.839     9,10 -153.513          9.08  2.0  -0.02j,0.71j,-0j
    5  2.0       2     0.446     9,14 -153.513          9.08  2.0  -0.02j,0.71j,-0j
    5  2.0       3     0.164     9,11 -153.513          9.08  2.0  -0.02j,0.71j,-0j
    5  2.0       4     0.151      7,9 -153.513          9.08  2.0  -0.02j,0.71j,-0j
    5  2.0       5     0.115      4,9 -153.513          9.08  2.0  -0.02j,0.71j,-0j
    5  2.0       6     0.113     9,15 -153.513          9.08  2.0  -0.02j,0.71j,-0j
    5  2.0       7    -0.101     9,10 -153.513          9.08  2.0  -0.02j,0.71j,-0j
    6  6.0       1    -0.434 7,8,9,10 -153.463         10.43  0.0        -0j,-0j,0j
    6  6.0       2     0.434 7,8,9,10 -153.463         10.43  0.0        -0j,-0j,0j
    6  6.0       3    -0.434 7,8,9,10 -153.463         10.43  0.0        -0j,-0j,0j
    6  6.0       4     0.434 7,8,9,10 -153.463         10.43  0.0        -0j,-0j,0j
    6  6.0       5    -0.226 7,8,9,14 -153.463         10.43  0.0        -0j,-0j,0j
    6  6.0       6     0.226 7,8,9,14 -153.463         10.43  0.0        -0j,-0j,0j
    6  6.0       7     0.226 7,8,9,14 -153.463         10.43  0.0        -0j,-0j,0j
    6  6.0       8    -0.226 7,8,9,14 -153.463         10.43  0.0        -0j,-0j,0j
    7  2.0       1     0.674      6,9 -153.345         13.62  0.0         -0j,0j,0j
    7  2.0       2    -0.674      5,8 -153.345         13.62  0.0         -0j,0j,0j
    7  2.0       3    -0.195      6,8 -153.345         13.62  0.0         -0j,0j,0j
    7  2.0       4    -0.195      5,9 -153.345         13.62  0.0         -0j,0j,0j
    8  2.0       1     0.674      6,8 -153.345         13.62  0.0        -0j,-0j,0j
    8  2.0       2     0.674      5,9 -153.345         13.62  0.0        -0j,-0j,0j
    8  2.0       3    -0.195      5,8 -153.345         13.62  0.0        -0j,-0j,0j
    8  2.0       4     0.195      6,9 -153.345         13.62  0.0        -0j,-0j,0j
    9  2.0       1     0.707      5,8 -153.341         13.75 59.0         0j,0j,-0j
    9  2.0       2     0.706      6,9 -153.341         13.75 59.0         0j,0j,-0j
   10  2.0       1     0.596      5,9 -153.334         13.93  0.0          0j,0j,0j
   10  2.0       2    -0.596      6,8 -153.334         13.93  0.0          0j,0j,0j
   10  2.0       3    -0.414 7,8,9,10 -153.334         13.93  0.0          0j,0j,0j
   10  2.0       4    -0.188 7,8,9,10 -153.334         13.93  0.0          0j,0j,0j
   10  2.0       5    -0.158 7,8,9,14 -153.334         13.93  0.0          0j,0j,0j
   10  2.0       6    -0.113 7,8,9,10 -153.334         13.93  0.0          0j,0j,0j
   10  2.0       7     0.113 7,8,9,10 -153.334         13.93  0.0          0j,0j,0j
   11  2.0       1     0.617     7,10  -153.31          14.6  0.0          0j,0j,0j
   11  2.0       2    -0.617     7,10  -153.31          14.6  0.0          0j,0j,0j
   11  2.0       3     0.303     7,14  -153.31          14.6  0.0          0j,0j,0j
   11  2.0       4    -0.303     7,14  -153.31          14.6  0.0          0j,0j,0j
   12  2.0       1     0.617 7,8,9,10  -153.31          14.6  0.0        -0j,-0j,0j
   12  2.0       2     0.617 7,8,9,10  -153.31          14.6  0.0        -0j,-0j,0j
   12  2.0       3     0.303 7,8,9,14  -153.31          14.6  0.0        -0j,-0j,0j
   12  2.0       4     0.303 7,8,9,14  -153.31          14.6  0.0        -0j,-0j,0j
   13  2.0       1     0.906     8,11 -153.303         14.77 24.0  -0.48j,-0.11j,0j
   13  2.0       2     0.216     9,11 -153.303         14.77 24.0  -0.48j,-0.11j,0j
   13  2.0       3    -0.212      4,8 -153.303         14.77 24.0  -0.48j,-0.11j,0j
   13  2.0       4    -0.178     8,10 -153.303         14.77 24.0  -0.48j,-0.11j,0j
   14  2.0       1     0.906     9,11 -153.303         14.77 24.0  0.11j,-0.48j,-0j
   14  2.0       2    -0.216     8,11 -153.303         14.77 24.0  0.11j,-0.48j,-0j
   14  2.0       3     0.212      4,9 -153.303         14.77 24.0  0.11j,-0.48j,-0j
   14  2.0       4    -0.178     9,10 -153.303         14.77 24.0  0.11j,-0.48j,-0j
   15  2.0       1      0.52 7,8,9,10 -153.301         14.83  0.0         -0j,0j,0j
   15  2.0       2     0.421 7,8,9,10 -153.301         14.83  0.0         -0j,0j,0j
   15  2.0       3    -0.421 7,8,9,10 -153.301         14.83  0.0         -0j,0j,0j
   15  2.0       4    -0.322 7,8,9,10 -153.301         14.83  0.0         -0j,0j,0j
   15  2.0       5      0.22      5,9 -153.301         14.83  0.0         -0j,0j,0j
   15  2.0       6     -0.22      6,8 -153.301         14.83  0.0         -0j,0j,0j
   15  2.0       7    -0.215 7,8,9,14 -153.301         14.83  0.0         -0j,0j,0j
   15  2.0       8     0.185 7,8,9,14 -153.301         14.83  0.0         -0j,0j,0j
   15  2.0       9    -0.185 7,8,9,14 -153.301         14.83  0.0         -0j,0j,0j
   15  2.0      10     0.155 7,8,9,14 -153.301         14.83  0.0         -0j,0j,0j
   16  2.0       1     0.712      4,9 -153.248         16.29 42.0    0.19j,0.27j,0j
   16  2.0       2    -0.506      4,8 -153.248         16.29 42.0    0.19j,0.27j,0j
   16  2.0       3    -0.217     9,11 -153.248         16.29 42.0    0.19j,0.27j,0j
   16  2.0       4    -0.178     9,10 -153.248         16.29 42.0    0.19j,0.27j,0j
   16  2.0       5    -0.154     8,11 -153.248         16.29 42.0    0.19j,0.27j,0j
   16  2.0       6    -0.131     9,14 -153.248         16.29 42.0    0.19j,0.27j,0j
   16  2.0       7     0.127     8,10 -153.248         16.29 42.0    0.19j,0.27j,0j
   16  2.0       8     0.124      7,9 -153.248         16.29 42.0    0.19j,0.27j,0j
   17  2.0       1     0.712      4,8 -153.248         16.29 42.0   -0.27j,0.19j,0j
   17  2.0       2     0.506      4,9 -153.248         16.29 42.0   -0.27j,0.19j,0j
   17  2.0       3     0.217     8,11 -153.248         16.29 42.0   -0.27j,0.19j,0j
   17  2.0       4    -0.178     8,10 -153.248         16.29 42.0   -0.27j,0.19j,0j
   17  2.0       5    -0.154     9,11 -153.248         16.29 42.0   -0.27j,0.19j,0j
   17  2.0       6    -0.131     8,14 -153.248         16.29 42.0   -0.27j,0.19j,0j
   17  2.0       7    -0.127     9,10 -153.248         16.29 42.0   -0.27j,0.19j,0j
   17  2.0       8     0.124      7,8 -153.248         16.29 42.0   -0.27j,0.19j,0j
   18  2.0       1     0.607     7,10 -153.247         16.29  2.0        -0j,-0j,0j
   18  2.0       2     0.607     7,10 -153.247         16.29  2.0        -0j,-0j,0j
   18  2.0       3     0.298     7,14 -153.247         16.29  2.0        -0j,-0j,0j
   18  2.0       4     0.298     7,14 -153.247         16.29  2.0        -0j,-0j,0j
   18  2.0       5    -0.145      4,7 -153.247         16.29  2.0        -0j,-0j,0j
   18  2.0       6     0.112     7,11 -153.247         16.29  2.0        -0j,-0j,0j
   18  2.0       7     0.112     7,11 -153.247         16.29  2.0        -0j,-0j,0j
   19  2.0       1     0.686     8,13 -153.222         16.97  0.0         0j,0j,-0j
   19  2.0       2    -0.686     9,12 -153.222         16.97  0.0         0j,0j,-0j
   19  2.0       3    -0.138 7,8,9,11 -153.222         16.97  0.0         0j,0j,-0j
   19  2.0       4    -0.138 7,8,9,11 -153.222         16.97  0.0         0j,0j,-0j
   20  2.0       1     0.686     8,12 -153.222         16.97  0.0       -0j,-0j,-0j
   20  2.0       2     0.686     9,13 -153.222         16.97  0.0       -0j,-0j,-0j
   20  2.0       3     0.138     7,11 -153.222         16.97  0.0       -0j,-0j,-0j
   20  2.0       4    -0.138     7,11 -153.222         16.97  0.0       -0j,-0j,-0j
   21  2.0       1     0.532     9,12  -153.21         17.32  0.0        -0j,-0j,0j
   21  2.0       2     0.532     8,13  -153.21         17.32  0.0        -0j,-0j,0j
   21  2.0       3      0.39 7,8,9,10  -153.21         17.32  0.0        -0j,-0j,0j
   21  2.0       4    -0.276 7,8,9,11  -153.21         17.32  0.0        -0j,-0j,0j
   21  2.0       5     0.259 7,8,9,10  -153.21         17.32  0.0        -0j,-0j,0j
   21  2.0       6     0.178 7,8,9,11  -153.21         17.32  0.0        -0j,-0j,0j
   21  2.0       7    -0.178 7,8,9,11  -153.21         17.32  0.0        -0j,-0j,0j
   21  2.0       8     0.161 7,8,9,14  -153.21         17.32  0.0        -0j,-0j,0j
   22  6.0       1    -0.493 7,8,9,11 -153.209         17.34  0.0         0j,0j,-0j
   22  6.0       2     0.493 7,8,9,11 -153.209         17.34  0.0         0j,0j,-0j
   22  6.0       3    -0.493 7,8,9,11 -153.209         17.34  0.0         0j,0j,-0j
   22  6.0       4     0.493 7,8,9,11 -153.209         17.34  0.0         0j,0j,-0j
   23  2.0       1     0.685     9,13 -153.209         17.34 38.0        0j,-0j,-0j
   23  2.0       2    -0.685     8,12 -153.209         17.34 38.0        0j,-0j,-0j
   23  2.0       3    -0.106     7,11 -153.209         17.34 38.0        0j,-0j,-0j
   23  2.0       4    -0.106     7,11 -153.209         17.34 38.0        0j,-0j,-0j
   24  2.0       1     0.837     8,14 -153.172         18.35 24.0 -0.18j,-0.06j,-0j
   24  2.0       2    -0.438     8,10 -153.172         18.35 24.0 -0.18j,-0.06j,-0j
   24  2.0       3     0.261     9,14 -153.172         18.35 24.0 -0.18j,-0.06j,-0j
   24  2.0       4    -0.137     9,10 -153.172         18.35 24.0 -0.18j,-0.06j,-0j
   25  2.0       1     0.837     9,14 -153.172         18.35 24.0  0.06j,-0.18j,-0j
   25  2.0       2    -0.438     9,10 -153.172         18.35 24.0  0.06j,-0.18j,-0j
   25  2.0       3    -0.261     8,14 -153.172         18.35 24.0  0.06j,-0.18j,-0j
   25  2.0       4     0.137     8,10 -153.172         18.35 24.0  0.06j,-0.18j,-0j
   26  2.0       1     0.528 7,8,9,11  -153.15         18.95  0.0         0j,-0j,0j
   26  2.0       2     0.493 7,8,9,10  -153.15         18.95  0.0         0j,-0j,0j
   26  2.0       3     0.383 7,8,9,10  -153.15         18.95  0.0         0j,-0j,0j
   26  2.0       4    -0.236      6,8  -153.15         18.95  0.0         0j,-0j,0j
   26  2.0       5     0.236      5,9  -153.15         18.95  0.0         0j,-0j,0j
   26  2.0       6     0.205 7,8,9,11  -153.15         18.95  0.0         0j,-0j,0j
   26  2.0       7    -0.183 7,8,9,14  -153.15         18.95  0.0         0j,-0j,0j
   26  2.0       8     0.161 7,8,9,11  -153.15         18.95  0.0         0j,-0j,0j
   26  2.0       9    -0.161 7,8,9,11  -153.15         18.95  0.0         0j,-0j,0j
   26  2.0      10    -0.143     8,13  -153.15         18.95  0.0         0j,-0j,0j
   26  2.0      11    -0.143     9,12  -153.15         18.95  0.0         0j,-0j,0j
   26  2.0      12    -0.115 7,8,9,14  -153.15         18.95  0.0         0j,-0j,0j
   26  2.0      13     0.115 7,8,9,14  -153.15         18.95  0.0         0j,-0j,0j
   27  2.0       1     0.602 7,8,9,11 -153.124         19.66  0.0        -0j,-0j,0j
   27  2.0       2     0.345 7,8,9,14 -153.124         19.66  0.0        -0j,-0j,0j
   27  2.0       3     0.316     9,12 -153.124         19.66  0.0        -0j,-0j,0j
   27  2.0       4     0.316     8,13 -153.124         19.66  0.0        -0j,-0j,0j
   27  2.0       5    -0.281 7,8,9,10 -153.124         19.66  0.0        -0j,-0j,0j
   27  2.0       6     0.269 7,8,9,11 -153.124         19.66  0.0        -0j,-0j,0j
   27  2.0       7    -0.239 7,8,9,10 -153.124         19.66  0.0        -0j,-0j,0j
   27  2.0       8     0.167 7,8,9,11 -153.124         19.66  0.0        -0j,-0j,0j
   27  2.0       9    -0.167 7,8,9,11 -153.124         19.66  0.0        -0j,-0j,0j
   27  2.0      10     0.117 7,8,9,14 -153.124         19.66  0.0        -0j,-0j,0j
   27  2.0      11    -0.117 7,8,9,14 -153.124         19.66  0.0        -0j,-0j,0j
   27  2.0      12      0.11 7,8,9,14 -153.124         19.66  0.0        -0j,-0j,0j
   28  6.0       1    -0.438 7,8,9,14 -153.094         20.45  0.0        -0j,-0j,0j
   28  6.0       2    -0.438 7,8,9,14 -153.094         20.45  0.0        -0j,-0j,0j
   28  6.0       3     0.438 7,8,9,14 -153.094         20.45  0.0        -0j,-0j,0j
   28  6.0       4     0.438 7,8,9,14 -153.094         20.45  0.0        -0j,-0j,0j
   28  6.0       5     0.235 7,8,9,10 -153.094         20.45  0.0        -0j,-0j,0j
   28  6.0       6     0.235 7,8,9,10 -153.094         20.45  0.0        -0j,-0j,0j
   28  6.0       7    -0.235 7,8,9,10 -153.094         20.45  0.0        -0j,-0j,0j
   28  6.0       8    -0.235 7,8,9,10 -153.094         20.45  0.0        -0j,-0j,0j
   29  2.0       1     0.684     7,11 -153.066         21.21  0.0         0j,-0j,0j
   29  2.0       2    -0.684     7,11 -153.066         21.21  0.0         0j,-0j,0j
   29  2.0       3    -0.139     8,12 -153.066         21.21  0.0         0j,-0j,0j
   29  2.0       4    -0.139     9,13 -153.066         21.21  0.0         0j,-0j,0j
   30  2.0       1     0.684 7,8,9,11 -153.066         21.21  0.0          0j,0j,0j
   30  2.0       2     0.684 7,8,9,11 -153.066         21.21  0.0          0j,0j,0j
   30  2.0       3    -0.139     9,12 -153.066         21.21  0.0          0j,0j,0j
   30  2.0       4     0.139     8,13 -153.066         21.21  0.0          0j,0j,0j
------------------------------
 SUM-OVER-STATE ANALYSIS
------------------------------
Technique used: Effective Hamiltonian
cut-offs g-value (%):  0.5
 state    gxx    gyy  gzz
     2  0.001 -1.173 -0.0
     3  1.173 -0.002 -0.0
     4 -0.025  0.000 -0.0
     5 -0.000  0.025 -0.0
     6  0.000  0.000  0.0
     7  0.000  0.000 -0.0
     8  0.000  0.000  0.0
     9 -0.000 -0.000  0.0
    10  0.000  0.000  0.0
    11  0.000  0.000  0.0
    12  0.000  0.000  0.0
    13 -0.130  0.007 -0.0
    14 -0.007  0.130 -0.0
    15  0.000  0.000  0.0
    16  0.050 -0.099 -0.0
    17  0.099 -0.050 -0.0
    18 -0.000 -0.000  0.0
    19 -0.000 -0.000 -0.0
    20  0.000  0.000  0.0
    21  0.000  0.000  0.0
    22  0.000  0.000  0.0
    23 -0.000 -0.000  0.0
    24  0.041 -0.004 -0.0
    25  0.004 -0.041 -0.0
    26  0.000  0.000  0.0
    27  0.000  0.000  0.0
    28  0.000  0.000  0.0
    29  0.000  0.000  0.0
    30  0.000  0.000  0.0

