
---------------------
 G-SHIFT RESULTS
---------------------
File selected:  nf_tddft.out
States:  [1, 2, 3, 4, 5, 6, 7, 8, 9, 10, 11, 12, 13, 14, 15, 16, 17, 18, 19, 20, 21, 22, 23, 24, 25, 26, 27, 28, 29, 30, 31, 32, 33, 34, 35, 36, 37, 38, 39, 40, 41, 42, 43, 44, 45, 46, 47, 48, 49, 50, 51, 52, 53, 54, 55, 56, 57, 58, 59, 60, 61, 62, 63, 64, 65, 66, 67, 68, 69, 70, 71, 72, 73, 74, 75, 76, 77, 78, 79, 80, 81, 82, 83, 84, 85, 86, 87, 88, 89, 90, 91, 92, 93, 94, 95, 96, 97, 98, 99, 100, 101]
States multiplicity: 
- triplets = 95: [1, 2, 3, 4, 5, 6, 7, 8, 9, 11, 12, 15, 16, 17, 18, 19, 20, 21, 22, 23, 24, 25, 26, 27, 28, 29, 30, 31, 34, 35, 36, 37, 38, 39, 40, 41, 42, 43, 44, 45, 46, 47, 48, 49, 50, 51, 52, 53, 54, 55, 56, 57, 58, 59, 60, 61, 62, 63, 64, 65, 66, 67, 68, 69, 70, 71, 72, 73, 74, 75, 76, 77, 78, 79, 80, 81, 82, 83, 84, 85, 86, 87, 88, 89, 90, 91, 92, 93, 94, 96, 97, 98, 99, 100, 101]
- quintets = 6: [10, 13, 14, 32, 33, 95]
g-factor (x y z dimensions) in ppt: -1.793 -1.794 0.001

----------------------
 G-TENSOR ANALYSIS
----------------------
cut-offs: 
- g-shift estimation (%): 0.1
- configurations (%):  0
- somos to add to new active space:  [1, 2, 4, 5, 6, 7, 8, 9, 10, 14, 15, 19, 20]

state config. amplitude     somo   gxx   gyy gzz
    1       2       1.0      8,9    --    --  --
    2       2     0.723      7,9   0.0 0.716 0.0
    2       3    -0.682 1,8,9,10   0.0 0.716 0.0
    3       2     0.723      7,8 0.716   0.0 0.0
    3       3     0.682 2,8,9,10 0.716   0.0 0.0
    4       2      0.72 1,8,9,10   0.0 4.279 0.0
    4       3     0.682      7,9   0.0 4.279 0.0
    5       2      0.72 2,8,9,10 4.279   0.0 0.0
    5       3    -0.682      7,8 4.279   0.0 0.0
   13       2     0.751      6,9 0.815   0.0 0.0
   13       3     0.627 6,8,9,10 0.815   0.0 0.0
   14       2     0.751      5,9   0.0 0.815 0.0
   14       3    -0.627 5,8,9,10   0.0 0.815 0.0
   93       2     0.955 4,8,9,14   0.0 0.446 0.0
   93       3    -0.178 2,8,9,20   0.0 0.446 0.0
   93       4    -0.177 1,8,9,19   0.0 0.446 0.0
   94       2     0.955 4,8,9,15 0.446   0.0 0.0
   94       3    -0.178 1,8,9,20 0.446   0.0 0.0
   94       4     0.177 2,8,9,19 0.446   0.0 0.0

------------------------
 EXCITED STATES ANALYSIS
------------------------
cut-offs: 
- configurations (%):  0
- soccs (%):  0
- angular momentum (%):  0

state         spin config. amplitude     somo  energy excit. energy  socc         angmom
    1 2.0069346683       2       1.0      8,9 -154.51           0.0    --             --
    2       2.0237       2     0.723      7,9 -154.23        7.4163  34.0 -0j,-0.32j,-0j
    2       2.0237       3    -0.682 1,8,9,10 -154.23        7.4163  34.0 -0j,-0.32j,-0j
    3       2.0237       2     0.723      7,8 -154.23        7.4163  34.0  0.32j,-0j,-0j
    3       2.0237       3     0.682 2,8,9,10 -154.23        7.4163  34.0  0.32j,-0j,-0j
    4       2.0166       2      0.72 1,8,9,10 -154.22        7.7037  65.0  -0j,-1.02j,0j
    4       2.0166       3     0.682      7,9 -154.22        7.7037  65.0  -0j,-1.02j,0j
    5       2.0166       2      0.72 2,8,9,10 -154.22        7.7037  65.0  -1.02j,0j,-0j
    5       2.0166       3    -0.682      7,8 -154.22        7.7037  65.0  -1.02j,0j,-0j
    6       2.0211       2     0.706      5,9  -154.2        8.3839   0.0     0j,-0j,-0j
    6       2.0211       3     0.706      6,8  -154.2        8.3839   0.0     0j,-0j,-0j
    7       2.0211       2    -0.706      5,8  -154.2        8.3839   0.0     -0j,-0j,0j
    7       2.0211       3     0.706      6,9  -154.2        8.3839   0.0     -0j,-0j,0j
    8       2.0197       2     0.707      5,8 -154.19        8.5597  87.0     0j,-0j,-0j
    8       2.0197       3     0.707      6,9 -154.19        8.5597  87.0     0j,-0j,-0j
    9       2.0329       2    -0.658      5,9 -154.15         9.644   0.0     -0j,0j,-0j
    9       2.0329       3     0.658      6,8 -154.15         9.644   0.0     -0j,0j,-0j
    9       2.0329       4     0.251 7,8,9,10 -154.15         9.644   0.0     -0j,0j,-0j
    9       2.0329       5     0.168      7,9 -154.15         9.644   0.0     -0j,0j,-0j
   10       3.9735       2     0.749      7,9 -154.06       12.0414   0.0       0j,0j,0j
   10       3.9735       3    -0.638 7,8,9,10 -154.06       12.0414   0.0       0j,0j,0j
   11       2.0307       2      0.99 2,8,9,11 -154.05       12.4874  19.0  0.55j,-0j,-0j
   12       2.0307       2      0.99 1,8,9,11 -154.05       12.4874  19.0    0j,0.55j,0j
   13       3.9203       2     0.751      6,9 -154.02       13.2437 206.0 -0.11j,-0j,-0j
   13       3.9203       3     0.627 6,8,9,10 -154.02       13.2437 206.0 -0.11j,-0j,-0j
   14       3.9203       2     0.751      5,9 -154.02       13.2437 206.0  0j,-0.11j,-0j
   14       3.9203       3    -0.627 5,8,9,10 -154.02       13.2437 206.0  0j,-0.11j,-0j
   15       2.0197       2     0.712 6,8,9,10 -153.98       14.4022   4.0   -0.5j,0j,-0j
   15       2.0197       3    -0.642      6,9 -153.98       14.4022   4.0   -0.5j,0j,-0j
   15       2.0197       4    -0.267      4,8 -153.98       14.4022   4.0   -0.5j,0j,-0j
   16       2.0197       2     0.712 5,8,9,10 -153.98       14.4022   4.0    0j,0.5j,-0j
   16       2.0197       3     0.642      5,9 -153.98       14.4022   4.0    0j,0.5j,-0j
   16       2.0197       4    -0.267      4,9 -153.98       14.4022   4.0    0j,0.5j,-0j
   17       2.0154       2     0.706 1,8,9,12 -153.96        14.866   0.0     -0j,-0j,0j
   17       2.0154       3     0.706 2,8,9,13 -153.96        14.866   0.0     -0j,-0j,0j
   18       2.0154       2    -0.706 1,8,9,13 -153.96       14.8669   0.0      0j,-0j,0j
   18       2.0154       3     0.706 2,8,9,12 -153.96       14.8669   0.0      0j,-0j,0j
   19        2.063       2     0.925      4,9 -153.95       15.1285  71.0  0j,-0.04j,-0j
   19        2.063       3     0.286 5,8,9,10 -153.95       15.1285  71.0  0j,-0.04j,-0j
   19        2.063       4     0.166 1,8,9,14 -153.95       15.1285  71.0  0j,-0.04j,-0j
   20        2.063       2     0.925      4,8 -153.95       15.1285  71.0   0.04j,0j,-0j
   20        2.063       3     0.286 6,8,9,10 -153.95       15.1285  71.0   0.04j,0j,-0j
   20        2.063       4    -0.166 2,8,9,14 -153.95       15.1285  71.0   0.04j,0j,-0j
   21       2.0214       2     0.707 1,8,9,13 -153.95       15.1316  22.0      0j,0j,-0j
   21       2.0214       3     0.707 2,8,9,12 -153.95       15.1316  22.0      0j,0j,-0j
   22       2.0768       2    -0.582 1,8,9,12 -153.94       15.3356   0.0      -0j,0j,0j
   22       2.0768       3     0.582 2,8,9,13 -153.94       15.3356   0.0      -0j,0j,0j
   22       2.0768       4    -0.373 7,8,9,10 -153.94       15.3356   0.0      -0j,0j,0j
   22       2.0768       5    -0.341      7,9 -153.94       15.3356   0.0      -0j,0j,0j
   22       2.0768       6     0.185      7,8 -153.94       15.3356   0.0      -0j,0j,0j
   23       2.0279       2     0.978 2,8,9,14 -153.94       15.4325  10.0  -0.08j,0j,-0j
   24       2.0279       2     0.978 1,8,9,14 -153.94       15.4325  10.0 -0j,-0.08j,-0j
   25       2.1876       2      0.54 7,8,9,10 -153.89       16.6714   0.0      0j,-0j,0j
   25       2.1876       3     0.484      7,9 -153.89       16.6714   0.0      0j,-0j,0j
   25       2.1876       4    -0.289 7,8,9,10 -153.89       16.6714   0.0      0j,-0j,0j
   25       2.1876       5    -0.275 1,8,9,12 -153.89       16.6714   0.0      0j,-0j,0j
   25       2.1876       6     0.275 2,8,9,13 -153.89       16.6714   0.0      0j,-0j,0j
   25       2.1876       7     0.261      7,8 -153.89       16.6714   0.0      0j,-0j,0j
   25       2.1876       8    -0.197      4,9 -153.89       16.6714   0.0      0j,-0j,0j
   25       2.1876       9     0.168      5,9 -153.89       16.6714   0.0      0j,-0j,0j
   25       2.1876      10    -0.168      6,8 -153.89       16.6714   0.0      0j,-0j,0j
   26       3.6598       2     0.841      7,8 -153.87       17.4709   0.0    -0j,-0j,-0j
   26       3.6598       3    -0.421 7,8,9,11 -153.87       17.4709   0.0    -0j,-0j,-0j
   26       3.6598       4     0.168 1,8,9,12 -153.87       17.4709   0.0    -0j,-0j,-0j
   26       3.6598       5    -0.168 2,8,9,13 -153.87       17.4709   0.0    -0j,-0j,-0j
   27       3.4652       2     0.949      6,8 -153.84        18.219  65.0  0.22j,-0j,-0j
   27       3.4652       3      0.24 6,8,9,11 -153.84        18.219  65.0  0.22j,-0j,-0j
   28       3.4652       2     0.949      5,8 -153.84        18.219  65.0    0j,0.22j,0j
   28       3.4652       3     -0.24 5,8,9,11 -153.84        18.219  65.0    0j,0.22j,0j
   29       2.2797       2     0.868 7,8,9,11 -153.83       18.5122   0.0      -0j,0j,0j
   29       2.2797       3     0.397      7,8 -153.83       18.5122   0.0      -0j,0j,0j
   29       2.2797       4     0.192 7,8,9,10 -153.83       18.5122   0.0      -0j,0j,0j
   30       2.4854       2     0.948 6,8,9,11 -153.81       19.0866  32.0   -0.15j,0j,0j
   30       2.4854       3     -0.26      6,8 -153.81       19.0866  32.0   -0.15j,0j,0j
   31       2.4854       2     0.948 5,8,9,11 -153.81       19.0866  32.0    0j,0.15j,0j
   31       2.4854       3      0.26      5,8 -153.81       19.0866  32.0    0j,0.15j,0j
   32       3.7623       2     0.767      4,9 -153.79       19.5771   0.0      0j,-0j,0j
   32       3.7623       3     0.523 4,8,9,10 -153.79       19.5771   0.0      0j,-0j,0j
   32       3.7623       4     0.195 7,8,9,11 -153.79       19.5771   0.0      0j,-0j,0j
   32       3.7623       5    -0.191 7,8,9,10 -153.79       19.5771   0.0      0j,-0j,0j
   33       3.8711       2     0.727 7,8,9,10 -153.77       20.0224   0.0     -0j,-0j,0j
   33       3.8711       3     0.616 7,8,9,14 -153.77       20.0224   0.0     -0j,-0j,0j
   33       3.8711       4      0.19 7,8,9,10 -153.77       20.0224   0.0     -0j,-0j,0j
   34       2.1199       2     0.981 2,8,9,15 -153.77       20.1522  52.0   0.27j,-0j,0j
   35       2.1199       2     0.981 1,8,9,15 -153.77       20.1522  52.0    0j,0.27j,0j
   36       3.7413       2     0.898 7,8,9,11 -153.76       20.4177   5.0   0j,-0.09j,0j
   36       3.7413       3     0.416 7,8,9,12 -153.76       20.4177   5.0   0j,-0.09j,0j
   37       3.7413       2     0.898 7,8,9,12 -153.76       20.4177   5.0   0.09j,0j,-0j
   37       3.7413       3     0.416 7,8,9,13 -153.76       20.4177   5.0   0.09j,0j,-0j
   38       2.2611       2     0.906 7,8,9,12 -153.74       20.9537   0.0  -0j,0.22j,-0j
   38       2.2611       3    -0.415 7,8,9,11 -153.74       20.9537   0.0  -0j,0.22j,-0j
   39       2.2611       2     0.906 7,8,9,13 -153.74       20.9537   0.0  -0.22j,-0j,0j
   39       2.2611       3    -0.415 7,8,9,12 -153.74       20.9537   0.0  -0.22j,-0j,0j
   40        3.562       2     0.557 5,8,9,11 -153.72       21.2981   0.0      0j,-0j,0j
   40        3.562       3    -0.557 6,8,9,12 -153.72       21.2981   0.0      0j,-0j,0j
   40        3.562       4       0.3 5,8,9,12 -153.72       21.2981   0.0      0j,-0j,0j
   40        3.562       5       0.3 6,8,9,13 -153.72       21.2981   0.0      0j,-0j,0j
   40        3.562       6    -0.266 1,8,9,16 -153.72       21.2981   0.0      0j,-0j,0j
   40        3.562       7     0.266 2,8,9,17 -153.72       21.2981   0.0      0j,-0j,0j
   41       3.2102       2     0.969 6,8,9,10 -153.72       21.3571  68.0   0.18j,-0j,0j
   42       3.2102       2     0.969 5,8,9,10 -153.72       21.3571  68.0    0j,0.18j,0j
   43       3.5034       2     0.437 5,8,9,11 -153.72       21.4135   0.0      0j,-0j,0j
   43       3.5034       3     0.437 6,8,9,12 -153.72       21.4135   0.0      0j,-0j,0j
   43       3.5034       4     0.415 5,8,9,12 -153.72       21.4135   0.0      0j,-0j,0j
   43       3.5034       5    -0.415 6,8,9,13 -153.72       21.4135   0.0      0j,-0j,0j
   43       3.5034       6    -0.359 1,8,9,16 -153.72       21.4135   0.0      0j,-0j,0j
   43       3.5034       7    -0.359 2,8,9,17 -153.72       21.4135   0.0      0j,-0j,0j
   44       3.5005       2    -0.435 5,8,9,12 -153.72       21.4141   0.0    -0j,-0j,-0j
   44       3.5005       3     0.435 6,8,9,11 -153.72       21.4141   0.0    -0j,-0j,-0j
   44       3.5005       4    -0.416 5,8,9,13 -153.72       21.4141   0.0    -0j,-0j,-0j
   44       3.5005       5    -0.416 6,8,9,12 -153.72       21.4141   0.0    -0j,-0j,-0j
   44       3.5005       6     0.361 1,8,9,17 -153.72       21.4141   0.0    -0j,-0j,-0j
   44       3.5005       7    -0.361 2,8,9,16 -153.72       21.4141   0.0    -0j,-0j,-0j
   45        2.085       2     0.552 5,8,9,11 -153.71       21.6756   0.0      0j,0j,-0j
   45        2.085       3     0.552 6,8,9,12 -153.71       21.6756   0.0      0j,0j,-0j
   45        2.085       4    -0.354 5,8,9,12 -153.71       21.6756   0.0      0j,0j,-0j
   45        2.085       5     0.354 6,8,9,13 -153.71       21.6756   0.0      0j,0j,-0j
   45        2.085       6     0.262 1,8,9,16 -153.71       21.6756   0.0      0j,0j,-0j
   45        2.085       7     0.262 2,8,9,17 -153.71       21.6756   0.0      0j,0j,-0j
   46       2.0873       2    -0.554 5,8,9,12 -153.71       21.6762   0.0      0j,-0j,0j
   46       2.0873       3     0.554 6,8,9,11 -153.71       21.6762   0.0      0j,-0j,0j
   46       2.0873       4     0.352 5,8,9,13 -153.71       21.6762   0.0      0j,-0j,0j
   46       2.0873       5     0.352 6,8,9,12 -153.71       21.6762   0.0      0j,-0j,0j
   46       2.0873       6     -0.26 1,8,9,17 -153.71       21.6762   0.0      0j,-0j,0j
   46       2.0873       7      0.26 2,8,9,16 -153.71       21.6762   0.0      0j,-0j,0j
   47       2.7061       2     0.587 5,8,9,13 -153.71       21.6939 102.0      0j,-0j,0j
   47       2.7061       3    -0.587 6,8,9,12 -153.71       21.6939 102.0      0j,-0j,0j
   47       2.7061       4    -0.392 1,8,9,17 -153.71       21.6939 102.0      0j,-0j,0j
   47       2.7061       5    -0.392 2,8,9,16 -153.71       21.6939 102.0      0j,-0j,0j
   48       2.9925       2     0.706 5,8,9,12 -153.71       21.7108  54.0      0j,0j,-0j
   48       2.9925       3     0.706 6,8,9,11 -153.71       21.7108  54.0      0j,0j,-0j
   49       2.4683       2     0.523 5,8,9,12 -153.71       21.8194   0.0    -0j,-0j,-0j
   49       2.4683       3     0.523 6,8,9,13 -153.71       21.8194   0.0    -0j,-0j,-0j
   49       2.4683       4      0.39 7,8,9,14 -153.71       21.8194   0.0    -0j,-0j,-0j
   49       2.4683       5     0.347 1,8,9,16 -153.71       21.8194   0.0    -0j,-0j,-0j
   49       2.4683       6    -0.347 2,8,9,17 -153.71       21.8194   0.0    -0j,-0j,-0j
   49       2.4683       7    -0.187 7,8,9,10 -153.71       21.8194   0.0    -0j,-0j,-0j
   50       2.4839       2     0.546 1,8,9,16  -153.7       21.9812   0.0     0j,-0j,-0j
   50       2.4839       3     0.546 2,8,9,17  -153.7       21.9812   0.0     0j,-0j,-0j
   50       2.4839       4     0.448 5,8,9,12  -153.7       21.9812   0.0     0j,-0j,-0j
   50       2.4839       5    -0.448 6,8,9,13  -153.7       21.9812   0.0     0j,-0j,-0j
   51       2.4846       2    -0.545 1,8,9,17  -153.7       21.9818   0.0    -0j,-0j,-0j
   51       2.4846       3     0.545 2,8,9,16  -153.7       21.9818   0.0    -0j,-0j,-0j
   51       2.4846       4    -0.448 5,8,9,13  -153.7       21.9818   0.0    -0j,-0j,-0j
   51       2.4846       5    -0.448 6,8,9,12  -153.7       21.9818   0.0    -0j,-0j,-0j
   52       2.3361       2     0.587 1,8,9,17  -153.7       22.0766  50.0       0j,0j,0j
   52       2.3361       3     0.587 2,8,9,16  -153.7       22.0766  50.0       0j,0j,0j
   52       2.3361       4     0.393 5,8,9,13  -153.7       22.0766  50.0       0j,0j,0j
   52       2.3361       5    -0.393 6,8,9,12  -153.7       22.0766  50.0       0j,0j,0j
   53       2.1599       2     0.757 4,8,9,10 -153.69       22.1901   0.0     -0j,0j,-0j
   53       2.1599       3    -0.435      4,9 -153.69       22.1901   0.0     -0j,0j,-0j
   53       2.1599       4    -0.271 7,8,9,14 -153.69       22.1901   0.0     -0j,0j,-0j
   53       2.1599       5     0.184 7,8,9,10 -153.69       22.1901   0.0     -0j,0j,-0j
   54        2.759       2     0.978 6,8,9,14 -153.69       22.3186  52.0   0.3j,-0j,-0j
   55        2.759       2     0.978 5,8,9,14 -153.69       22.3186  52.0  -0j,-0.3j,-0j
   56       2.2639       2    -0.472 1,8,9,16 -153.68       22.6266   0.0      -0j,0j,0j
   56       2.2639       3     0.472 2,8,9,17 -153.68       22.6266   0.0      -0j,0j,0j
   56       2.2639       4     0.329 7,8,9,14 -153.68       22.6266   0.0      -0j,0j,0j
   56       2.2639       5     0.272 7,8,9,13 -153.68       22.6266   0.0      -0j,0j,0j
   56       2.2639       6    -0.267 5,8,9,11 -153.68       22.6266   0.0      -0j,0j,0j
   56       2.2639       7     0.267 6,8,9,12 -153.68       22.6266   0.0      -0j,0j,0j
   56       2.2639       8    -0.251 7,8,9,10 -153.68       22.6266   0.0      -0j,0j,0j
   56       2.2639       9    -0.178 5,8,9,14 -153.68       22.6266   0.0      -0j,0j,0j
   56       2.2639      10    -0.178 6,8,9,15 -153.68       22.6266   0.0      -0j,0j,0j
   56       2.2639      11     0.163      4,8 -153.68       22.6266   0.0      -0j,0j,0j
   57       2.3103       2     0.626      4,8 -153.64       23.6015   0.0     -0j,0j,-0j
   57       2.3103       3     0.301 7,8,9,14 -153.64       23.6015   0.0     -0j,0j,-0j
   57       2.3103       4    -0.283 7,8,9,10 -153.64       23.6015   0.0     -0j,0j,-0j
   57       2.3103       5     -0.26      4,9 -153.64       23.6015   0.0     -0j,0j,-0j
   57       2.3103       6     0.245 5,8,9,11 -153.64       23.6015   0.0     -0j,0j,-0j
   57       2.3103       7    -0.245 6,8,9,12 -153.64       23.6015   0.0     -0j,0j,-0j
   57       2.3103       8    -0.243 5,8,9,12 -153.64       23.6015   0.0     -0j,0j,-0j
   57       2.3103       9    -0.243 6,8,9,13 -153.64       23.6015   0.0     -0j,0j,-0j
   57       2.3103      10     0.161 4,8,9,10 -153.64       23.6015   0.0     -0j,0j,-0j
   58        3.622       2     0.833 7,8,9,13 -153.61       24.4759   0.0     0j,-0j,-0j
   58        3.622       3     0.406 7,8,9,15 -153.61       24.4759   0.0     0j,-0j,-0j
   58        3.622       4     0.191 4,8,9,11 -153.61       24.4759   0.0     0j,-0j,-0j
   58        3.622       5    -0.158 7,8,9,14 -153.61       24.4759   0.0     0j,-0j,-0j
   59       3.2846       2     0.981 6,8,9,13  -153.6       24.6734  63.0  -0.03j,-0j,0j
   60       3.2846       2     0.981 5,8,9,13  -153.6       24.6734  63.0  0j,-0.03j,-0j
   61       3.5742       2     0.662 4,8,9,11 -153.58       25.3238   0.0     0j,-0j,-0j
   61       3.5742       3     0.541      4,8 -153.58       25.3238   0.0     0j,-0j,-0j
   61       3.5742       4    -0.287 7,8,9,13 -153.58       25.3238   0.0     0j,-0j,-0j
   61       3.5742       5    -0.208 7,8,9,14 -153.58       25.3238   0.0     0j,-0j,-0j
   61       3.5742       6    -0.204 4,8,9,10 -153.58       25.3238   0.0     0j,-0j,-0j
   62       2.7617       2      0.73 7,8,9,15 -153.56       25.6815   0.0    -0j,-0j,-0j
   62       2.7617       3    -0.387 5,8,9,14 -153.56       25.6815   0.0    -0j,-0j,-0j
   62       2.7617       4    -0.387 6,8,9,15 -153.56       25.6815   0.0    -0j,-0j,-0j
   62       2.7617       5    -0.277 7,8,9,13 -153.56       25.6815   0.0    -0j,-0j,-0j
   62       2.7617       6    -0.224      4,8 -153.56       25.6815   0.0    -0j,-0j,-0j
   63       2.6949       2     0.943 6,8,9,15 -153.55       26.1065  21.0  0.02j,-0j,-0j
   63       2.6949       3     0.248 7,8,9,15 -153.55       26.1065  21.0  0.02j,-0j,-0j
   63       2.6949       4     0.164 6,8,9,13 -153.55       26.1065  21.0  0.02j,-0j,-0j
   64       2.6949       2     0.943 5,8,9,15 -153.55       26.1065  21.0  -0j,-0.02j,0j
   64       2.6949       3    -0.248 7,8,9,14 -153.55       26.1065  21.0  -0j,-0.02j,0j
   64       2.6949       4    -0.164 5,8,9,13 -153.55       26.1065  21.0  -0j,-0.02j,0j
   65       3.4581       2      0.68 5,8,9,15 -153.54       26.3707   0.0      0j,0j,-0j
   65       3.4581       3      0.68 6,8,9,14 -153.54       26.3707   0.0      0j,0j,-0j
   65       3.4581       4    -0.177 5,8,9,17 -153.54       26.3707   0.0      0j,0j,-0j
   65       3.4581       5    -0.177 6,8,9,16 -153.54       26.3707   0.0      0j,0j,-0j
   66       3.4579       2      0.68 5,8,9,14 -153.54        26.371   0.0      -0j,0j,0j
   66       3.4579       3     -0.68 6,8,9,15 -153.54        26.371   0.0      -0j,0j,0j
   66       3.4579       4     0.177 5,8,9,16 -153.54        26.371   0.0      -0j,0j,0j
   66       3.4579       5    -0.177 6,8,9,17 -153.54        26.371   0.0      -0j,0j,0j
   67       3.2412       2      0.94 7,8,9,14 -153.54       26.4186  98.0 -0j,-0.17j,-0j
   67       3.2412       3     0.273 5,8,9,15 -153.54       26.4186  98.0 -0j,-0.17j,-0j
   67       3.2412       4     -0.15 4,8,9,11 -153.54       26.4186  98.0 -0j,-0.17j,-0j
   68       3.2412       2      0.94 7,8,9,15 -153.54       26.4186  98.0  -0.17j,0j,-0j
   68       3.2412       3    -0.273 6,8,9,15 -153.54       26.4186  98.0  -0.17j,0j,-0j
   68       3.2412       4      0.15 4,8,9,12 -153.54       26.4186  98.0  -0.17j,0j,-0j
   69       3.4374       2     0.498 5,8,9,16 -153.53        26.577   0.0      -0j,0j,0j
   69       3.4374       3     0.498 6,8,9,17 -153.53        26.577   0.0      -0j,0j,0j
   69       3.4374       4     0.434 7,8,9,15 -153.53        26.577   0.0      -0j,0j,0j
   69       3.4374       5     0.338 5,8,9,14 -153.53        26.577   0.0      -0j,0j,0j
   69       3.4374       6     0.338 6,8,9,15 -153.53        26.577   0.0      -0j,0j,0j
   70       3.0058       2     0.706 5,8,9,15 -153.52       26.7776 136.0      -0j,0j,0j
   70       3.0058       3    -0.706 6,8,9,14 -153.52       26.7776 136.0      -0j,0j,0j
   71       2.9822       2     0.793 4,8,9,10  -153.5       27.2943   0.0       0j,0j,0j
   71       2.9822       3     0.382 4,8,9,11  -153.5       27.2943   0.0       0j,0j,0j
   71       2.9822       4    -0.318      4,8  -153.5       27.2943   0.0       0j,0j,0j
   71       2.9822       5    -0.157      4,9  -153.5       27.2943   0.0       0j,0j,0j
   72       2.7478       2     0.965 7,8,9,16  -153.5       27.4088  77.0  -0j,0.19j,-0j
   72       2.7478       3    -0.159 7,8,9,14  -153.5       27.4088  77.0  -0j,0.19j,-0j
   72       2.7478       4     0.156 4,8,9,12  -153.5       27.4088  77.0  -0j,0.19j,-0j
   73       2.7478       2     0.965 7,8,9,17  -153.5       27.4088  77.0 -0.19j,-0j,-0j
   73       2.7478       3     0.159 7,8,9,15  -153.5       27.4088  77.0 -0.19j,-0j,-0j
   73       2.7478       4     0.156 4,8,9,13  -153.5       27.4088  77.0 -0.19j,-0j,-0j
   74       3.4426       2     0.937 4,8,9,11 -153.49       27.7749  14.0  -0j,0.31j,-0j
   74       3.4426       3    -0.225 4,8,9,12 -153.49       27.7749  14.0  -0j,0.31j,-0j
   74       3.4426       4     0.167 7,8,9,16 -153.49       27.7749  14.0  -0j,0.31j,-0j
   75       3.4426       2     0.937 4,8,9,12 -153.49       27.7749  14.0  -0.31j,-0j,0j
   75       3.4426       3    -0.225 4,8,9,13 -153.49       27.7749  14.0  -0.31j,-0j,0j
   75       3.4426       4     0.167 7,8,9,17 -153.49       27.7749  14.0  -0.31j,-0j,0j
   76       2.4757       2     0.681 5,8,9,17 -153.49        27.781   0.0      0j,0j,-0j
   76       2.4757       3     0.681 6,8,9,16 -153.49        27.781   0.0      0j,0j,-0j
   76       2.4757       4     0.182 5,8,9,15 -153.49        27.781   0.0      0j,0j,-0j
   76       2.4757       5     0.182 6,8,9,14 -153.49        27.781   0.0      0j,0j,-0j
   77       2.4759       2    -0.681 5,8,9,16 -153.49       27.7814   0.0      0j,0j,-0j
   77       2.4759       3     0.681 6,8,9,17 -153.49       27.7814   0.0      0j,0j,-0j
   77       2.4759       4     0.182 5,8,9,14 -153.49       27.7814   0.0      0j,0j,-0j
   77       2.4759       5    -0.182 6,8,9,15 -153.49       27.7814   0.0      0j,0j,-0j
   78       2.9602       2     0.705 5,8,9,17 -153.48       27.9379 123.0       0j,0j,0j
   78       2.9602       3    -0.705 6,8,9,16 -153.48       27.9379 123.0       0j,0j,0j
   79       2.6311       2     0.562 4,8,9,11 -153.47        28.134   0.0     0j,-0j,-0j
   79       2.6311       3    -0.461 4,8,9,10 -153.47        28.134   0.0     0j,-0j,-0j
   79       2.6311       4     0.297 4,8,9,14 -153.47        28.134   0.0     0j,-0j,-0j
   79       2.6311       5    -0.267      4,8 -153.47        28.134   0.0     0j,-0j,-0j
   79       2.6311       6     0.201 4,8,9,10 -153.47        28.134   0.0     0j,-0j,-0j
   79       2.6311       7    -0.172 7,8,9,10 -153.47        28.134   0.0     0j,-0j,-0j
   79       2.6311       8     0.155 7,8,9,14 -153.47        28.134   0.0     0j,-0j,-0j
   80       2.5094       2     0.946 4,8,9,12 -153.44       28.9156   5.0   0j,0.43j,-0j
   80       2.5094       3     0.253 4,8,9,11 -153.44       28.9156   5.0   0j,0.43j,-0j
   81       2.5094       2     0.946 4,8,9,13 -153.44       28.9156   5.0   -0.43j,0j,0j
   81       2.5094       3     0.253 4,8,9,12 -153.44       28.9156   5.0   -0.43j,0j,0j
   82       2.4914       2     0.879 4,8,9,14 -153.42       29.5148   0.0      -0j,0j,0j
   82       2.4914       3     0.209 4,8,9,10 -153.42       29.5148   0.0      -0j,0j,0j
   82       2.4914       4    -0.179 5,8,9,16 -153.42       29.5148   0.0      -0j,0j,0j
   82       2.4914       5    -0.179 6,8,9,17 -153.42       29.5148   0.0      -0j,0j,0j
   82       2.4914       6     0.154 4,8,9,13 -153.42       29.5148   0.0      -0j,0j,0j
   83       2.0649       2     0.953      3,9  -153.4       30.1206  17.0   0j,-0.32j,0j
   83       2.0649       3    -0.184 1,8,9,18  -153.4       30.1206  17.0   0j,-0.32j,0j
   84       2.0649       2     0.953      3,8  -153.4       30.1206  17.0   0.32j,0j,-0j
   84       2.0649       3     0.184 2,8,9,18  -153.4       30.1206  17.0   0.32j,0j,-0j
   85       2.0698       2     0.977 2,8,9,18 -153.38       30.6148  17.0   -0.38j,0j,0j
   85       2.0698       3    -0.171      3,8 -153.38       30.6148  17.0   -0.38j,0j,0j
   86       2.0698       2     0.977 1,8,9,18 -153.38       30.6148  17.0  -0j,-0.38j,0j
   86       2.0698       3     0.171      3,9 -153.38       30.6148  17.0  -0j,-0.38j,0j
   87       2.5307       2      0.75 4,8,9,13 -153.38       30.6684   0.0     -0j,-0j,0j
   87       2.5307       3    -0.259 4,8,9,14 -153.38       30.6684   0.0     -0j,-0j,0j
   87       2.5307       4    -0.225 5,8,9,16 -153.38       30.6684   0.0     -0j,-0j,0j
   87       2.5307       5    -0.225 6,8,9,17 -153.38       30.6684   0.0     -0j,-0j,0j
   87       2.5307       6    -0.221 4,8,9,10 -153.38       30.6684   0.0     -0j,-0j,0j
   87       2.5307       7      0.21 5,8,9,14 -153.38       30.6684   0.0     -0j,-0j,0j
   87       2.5307       8      0.21 6,8,9,15 -153.38       30.6684   0.0     -0j,-0j,0j
   88       2.0095       2     0.706 2,8,9,19 -153.35       31.3733   0.0     -0j,0j,-0j
   88       2.0095       3     0.703 1,8,9,20 -153.35       31.3733   0.0     -0j,0j,-0j
   89       2.0095       2     0.706 1,8,9,19 -153.35       31.3733   0.0       0j,0j,0j
   89       2.0095       3    -0.703 2,8,9,20 -153.35       31.3733   0.0       0j,0j,0j
   90       3.2516       2      0.62 4,8,9,15 -153.32       32.3333   0.0      -0j,0j,0j
   90       3.2516       3    -0.501 4,8,9,13 -153.32       32.3333   0.0      -0j,0j,0j
   90       3.2516       4    -0.231 5,8,9,16 -153.32       32.3333   0.0      -0j,0j,0j
   90       3.2516       5    -0.231 6,8,9,17 -153.32       32.3333   0.0      -0j,0j,0j
   90       3.2516       6     0.217      3,9 -153.32       32.3333   0.0      -0j,0j,0j
   90       3.2516       7    -0.183 3,8,9,10 -153.32       32.3333   0.0      -0j,0j,0j
   90       3.2516       8     0.178 5,8,9,14 -153.32       32.3333   0.0      -0j,0j,0j
   90       3.2516       9     0.178 6,8,9,15 -153.32       32.3333   0.0      -0j,0j,0j
   90       3.2516      10     0.165 7,8,9,15 -153.32       32.3333   0.0      -0j,0j,0j
   91       2.1057       2      0.65 2,8,9,20 -153.29       33.1922  16.0   -0j,1.23j,0j
   91       2.1057       3     0.646 1,8,9,19 -153.29       33.1922  16.0   -0j,1.23j,0j
   91       2.1057       4     0.261 4,8,9,14 -153.29       33.1922  16.0   -0j,1.23j,0j
   91       2.1057       5     0.173      3,9 -153.29       33.1922  16.0   -0j,1.23j,0j
   92       2.1057       2      0.65 1,8,9,20 -153.29       33.1922  16.0    1.23j,0j,0j
   92       2.1057       3    -0.646 2,8,9,19 -153.29       33.1922  16.0    1.23j,0j,0j
   92       2.1057       4     0.261 4,8,9,15 -153.29       33.1922  16.0    1.23j,0j,0j
   92       2.1057       5    -0.173      3,8 -153.29       33.1922  16.0    1.23j,0j,0j
   93        3.077       2     0.955 4,8,9,14 -153.28       33.2789  63.0 -0j,-0.47j,-0j
   93        3.077       3    -0.178 2,8,9,20 -153.28       33.2789  63.0 -0j,-0.47j,-0j
   93        3.077       4    -0.177 1,8,9,19 -153.28       33.2789  63.0 -0j,-0.47j,-0j
   94        3.077       2     0.955 4,8,9,15 -153.28       33.2789  63.0  -0.47j,0j,-0j
   94        3.077       3    -0.178 1,8,9,20 -153.28       33.2789  63.0  -0.47j,0j,-0j
   94        3.077       4     0.177 2,8,9,19 -153.28       33.2789  63.0  -0.47j,0j,-0j
   95       3.9547       2     0.724 3,8,9,10 -153.26       33.9554   0.0    -0j,-0j,-0j
   95       3.9547       3     0.595      3,9 -153.26       33.9554   0.0    -0j,-0j,-0j
   95       3.9547       4    -0.242 7,8,9,16 -153.26       33.9554   0.0    -0j,-0j,-0j
   96       2.2172       2     0.748 4,8,9,15 -153.24       34.4196   0.0     0j,-0j,-0j
   96       2.2172       3    -0.319      3,9 -153.24       34.4196   0.0     0j,-0j,-0j
   96       2.2172       4     0.319 4,8,9,13 -153.24       34.4196   0.0     0j,-0j,-0j
   96       2.2172       5     0.238 3,8,9,10 -153.24       34.4196   0.0     0j,-0j,-0j
   96       2.2172       6    -0.178 1,8,9,21 -153.24       34.4196   0.0     0j,-0j,-0j
   96       2.2172       7     0.178 2,8,9,22 -153.24       34.4196   0.0     0j,-0j,-0j
   97       2.0296       2    -0.703 1,8,9,22 -153.23       34.8308   0.0     -0j,0j,-0j
   97       2.0296       3     0.703 2,8,9,21 -153.23       34.8308   0.0     -0j,0j,-0j
   98       2.0297       2     0.703 1,8,9,21 -153.23       34.8309   0.0       0j,0j,0j
   98       2.0297       3     0.703 2,8,9,22 -153.23       34.8309   0.0       0j,0j,0j
   99       3.3296       2     0.838 5,8,9,16 -153.22        35.105  29.0   -0j,0.11j,0j
   99       3.3296       3     0.464 4,8,9,16 -153.22        35.105  29.0   -0j,0.11j,0j
   99       3.3296       4     0.252 5,8,9,18 -153.22        35.105  29.0   -0j,0.11j,0j
  100       3.3296       2     0.838 6,8,9,16 -153.22        35.105  29.0   0.11j,0j,-0j
  100       3.3296       3    -0.464 4,8,9,17 -153.22        35.105  29.0   0.11j,0j,-0j
  100       3.3296       4    -0.252 6,8,9,18 -153.22        35.105  29.0   0.11j,0j,-0j
  101       3.2692       2     0.952 7,8,9,16 -153.22       35.1203   0.0      0j,0j,-0j
  101       3.2692       3     0.227      3,9 -153.22       35.1203   0.0      0j,0j,-0j
------------------------------
 SUM-OVER-STATE ANALYSIS
------------------------------
Technique used: Effective Hamiltonian
cut-offs g-value (%):  0.5
 state    gxx    gyy    gzz
     2 -0.000 -0.253 -0.000
     3 -0.253 -0.000 -0.000
     4 -0.001 -1.513 -0.001
     5 -1.513 -0.001 -0.001
     6  0.000  0.000  0.000
    11  0.149 -0.000 -0.000
    12 -0.000  0.149 -0.000
    13  0.000  0.002  0.002
    15  0.022 -0.000 -0.000
    27 -0.137 -0.000 -0.000
    28 -0.000 -0.137 -0.000
    29  0.000  0.000  0.000
    34 -0.123 -0.000 -0.000
    35 -0.000 -0.123 -0.000
    36 -0.000 -0.004 -0.000
    41 -0.098 -0.000 -0.000
    42 -0.000 -0.098 -0.000
    43  0.000  0.000  0.000
    54  0.122 -0.000 -0.000
    55 -0.000  0.122 -0.000
    56  0.000  0.000  0.000
    67 -0.000  0.112 -0.000
    68  0.112 -0.000 -0.000
    69  0.000  0.000  0.000
    72 -0.000 -0.091 -0.000
    73 -0.091 -0.000 -0.000
    74 -0.000 -0.027 -0.000
    91 -0.000 -0.101 -0.000
    92 -0.101 -0.000 -0.000
    93 -0.000  0.158 -0.000
    94  0.158 -0.000 -0.000
    95  0.000  0.000  0.000

