ni_2_2.out
------------------------
 EXCITED STATES ANALYSIS
------------------------
Configurations cut-off: 0.5
state config sym hole part unpairedorb amplitude   e socc  lk  s2
    1      1 1A2  0.0  0.0       16,17       1.0 0.0  0.0 0.0 2.0

States multiplicity: 
- 0 Singlet states:  []
- 0 Doublet states:  []
- 149 Triplet states:  [1, 2, 3, 4, 5, 6, 7, 8, 9, 10, 11, 12, 13, 14, 15, 16, 17, 18, 19, 20, 21, 22, 23, 24, 25, 26, 27, 28, 29, 30, 31, 32, 33, 34, 35, 36, 37, 38, 39, 40, 41, 42, 43, 44, 45, 46, 47, 48, 49, 50, 51, 52, 53, 54, 55, 56, 57, 58, 59, 60, 61, 62, 63, 64, 65, 66, 67, 68, 69, 70, 71, 72, 73, 74, 75, 76, 77, 78, 79, 80, 81, 82, 83, 84, 85, 86, 87, 88, 89, 90, 91, 92, 93, 94, 95, 96, 97, 98, 99, 100, 101, 102, 103, 104, 105, 106, 107, 108, 109, 110, 111, 112, 113, 114, 115, 116, 117, 118, 119, 120, 121, 122, 123, 124, 125, 126, 127, 128, 129, 130, 131, 132, 133, 134, 135, 136, 137, 138, 139, 140, 141, 142, 143, 144, 145, 146, 147, 148, 149]
- 0 Quartet states:  []
- 0 Quintet states:  []
 
------------------------
 IMPROVED ACTIVE SPACE 
------------------------
Initial active space (HOMO = 17 ): [ 2 , 2 ] ; [16, 17]
Final active space (HOMO = 17 ): [ 2 , 2 ] ; [16, 17]
 
seo_2_2.out
------------------------
 EXCITED STATES ANALYSIS
------------------------
Configurations cut-off: 0.5
state config sym  hole part unpairedorb amplitude      e    socc     lk  s2
    1      1 1A2 99.96 0.04       20,22      0.75    0.0     0.0    0.0 2.0
    1      2 1A2 99.96 0.04       18,22      0.66    0.0     0.0    0.0 2.0
    3      1 1B2   0.0  0.0       21,22       1.0  3.466 380.565 -1.191 2.0
    4      1 1B1 99.96 0.04       20,21       1.0  3.633 513.675  0.659 2.0
    8      1 2B1 99.99 0.01       18,21       1.0 10.822 496.247 -0.637 2.0

States multiplicity: 
- 0 Singlet states:  []
- 0 Doublet states:  []
- 135 Triplet states:  [1, 2, 3, 4, 5, 6, 7, 8, 9, 10, 11, 12, 13, 14, 15, 16, 17, 18, 19, 20, 21, 22, 23, 24, 25, 26, 27, 28, 29, 30, 31, 32, 33, 34, 35, 36, 37, 38, 39, 40, 41, 42, 43, 44, 45, 46, 47, 48, 49, 50, 51, 52, 53, 54, 55, 56, 57, 58, 59, 60, 61, 62, 63, 64, 65, 66, 67, 68, 69, 70, 71, 72, 73, 74, 75, 76, 77, 78, 79, 80, 81, 82, 83, 84, 85, 86, 87, 88, 89, 90, 91, 92, 93, 94, 95, 96, 97, 98, 99, 100, 101, 102, 103, 104, 105, 106, 107, 108, 109, 110, 111, 112, 113, 114, 115, 116, 117, 118, 119, 120, 121, 122, 123, 124, 125, 126, 127, 128, 129, 130, 131, 132, 133, 134, 135]
- 0 Quartet states:  []
- 0 Quintet states:  []
 
------------------------
 IMPROVED ACTIVE SPACE 
------------------------
Initial active space (HOMO = 22 ): [ 2 , 2 ] ; [21, 22]
Final active space (HOMO = 22 ): [ 6 , 4 ] ; [18, 20, 21, 22]
 
gaas_3_3.out
------------------------
 EXCITED STATES ANALYSIS
------------------------
Configurations cut-off: 0.5
state config  sym hole  part unpairedorb amplitude      e     socc     lk   s2
    1      1  1A2  0.0   0.0    31,32,33       1.0    0.0      0.0    0.0 3.75
  177      1 48B2  0.0 100.0    32,33,79       0.9  68.81 1878.939 -0.105 3.75
  178      1 42B1  0.0 100.0    32,33,80       0.9  68.81 1878.939 -0.105 3.75
  180      1 49B2  0.0 100.0    31,33,83      0.88 70.735   2547.5  0.032 3.75
  180      2 49B2  0.0 100.0    31,33,86      0.46 70.735   2547.5  0.032 3.75
  181      1 43B1  0.0 100.0    31,32,83      0.88 70.735   2547.5 -0.032 3.75
  181      2 43B1  0.0 100.0    31,32,86      0.46 70.735   2547.5 -0.032 3.75

States multiplicity: 
- 0 Singlet states:  []
- 0 Doublet states:  []
- 0 Triplet states:  []
- 200 Quartet states:  [1, 2, 3, 4, 5, 6, 7, 8, 9, 10, 11, 12, 13, 14, 15, 16, 17, 18, 19, 20, 21, 22, 23, 24, 25, 26, 27, 28, 29, 30, 31, 32, 33, 34, 35, 36, 37, 38, 39, 40, 41, 42, 43, 44, 45, 46, 47, 48, 49, 50, 51, 52, 53, 54, 55, 56, 57, 58, 59, 60, 61, 62, 63, 64, 65, 66, 67, 68, 69, 70, 71, 72, 73, 74, 75, 76, 77, 78, 79, 80, 81, 82, 83, 84, 85, 86, 87, 88, 89, 90, 91, 92, 93, 94, 95, 96, 97, 98, 99, 100, 101, 102, 103, 104, 105, 106, 107, 108, 109, 110, 111, 112, 113, 114, 115, 116, 117, 118, 119, 120, 121, 122, 123, 124, 125, 126, 127, 128, 129, 130, 131, 132, 133, 134, 135, 136, 137, 138, 139, 140, 141, 142, 143, 144, 145, 146, 147, 148, 149, 150, 151, 152, 153, 154, 155, 156, 157, 158, 159, 160, 161, 162, 163, 164, 165, 166, 167, 168, 169, 170, 171, 172, 173, 174, 175, 176, 177, 178, 179, 180, 181, 182, 183, 184, 185, 186, 187, 188, 189, 190, 191, 192, 193, 194, 195, 196, 197, 198, 199, 200]
- 0 Quintet states:  []
 
------------------------
 IMPROVED ACTIVE SPACE 
------------------------
Initial active space (HOMO = 33 ): [ 3 , 3 ] ; [31, 32, 33]
Final active space (HOMO = 33 ): [ 3 , 7 ] ; [31, 32, 33, 79, 80, 83, 86]
 
ge2_3_3.out
------------------------
 EXCITED STATES ANALYSIS
------------------------
Configurations cut-off: 0.5
state config   sym  hole  part unpairedorb amplitude      e    socc    lk   s2
    1      1  1B1g   0.0   0.0    31,32,33       1.0    0.0     0.0   0.0 3.75
    5      1  1B3g  1.08 98.92    32,33,35      0.99  2.725 756.885 1.127 3.75
    6      1  1B2g  1.08 98.92    32,33,34      0.99  2.725 756.885 1.127 3.75
    9      1  2B3g 26.84 73.16    31,32,36      0.83  5.237 580.496 0.328 3.75
    9      2  2B3g 26.84 73.16    30,31,32      0.52  5.237 580.496 0.328 3.75
   10      1  2B2g 26.84 73.16    31,33,36      0.83  5.237 580.496 0.328 3.75
   10      2  2B2g 26.84 73.16    30,31,33      0.52  5.237 580.496 0.328 3.75
   56      1  6B2g  0.01 99.99    31,33,50      0.93 16.274 734.328 0.397 3.75
   57      1  6B3g  0.01 99.99    31,32,50      0.93 16.274 734.328 0.397 3.75
  164      1 18B3g  0.01 99.99    31,32,76      0.99 44.392 638.383 -0.11 3.75
  165      1 20B2g  0.01 99.99    31,33,76      0.99 44.392 638.383 -0.11 3.75

States multiplicity: 
- 0 Singlet states:  []
- 0 Doublet states:  []
- 0 Triplet states:  []
- 200 Quartet states:  [1, 2, 3, 4, 5, 6, 7, 8, 9, 10, 11, 12, 13, 14, 15, 16, 17, 18, 19, 20, 21, 22, 23, 24, 25, 26, 27, 28, 29, 30, 31, 32, 33, 34, 35, 36, 37, 38, 39, 40, 41, 42, 43, 44, 45, 46, 47, 48, 49, 50, 51, 52, 53, 54, 55, 56, 57, 58, 59, 60, 61, 62, 63, 64, 65, 66, 67, 68, 69, 70, 71, 72, 73, 74, 75, 76, 77, 78, 79, 80, 81, 82, 83, 84, 85, 86, 87, 88, 89, 90, 91, 92, 93, 94, 95, 96, 97, 98, 99, 100, 101, 102, 103, 104, 105, 106, 107, 108, 109, 110, 111, 112, 113, 114, 115, 116, 117, 118, 119, 120, 121, 122, 123, 124, 125, 126, 127, 128, 129, 130, 131, 132, 133, 134, 135, 136, 137, 138, 139, 140, 141, 142, 143, 144, 145, 146, 147, 148, 149, 150, 151, 152, 153, 154, 155, 156, 157, 158, 159, 160, 161, 162, 163, 164, 165, 166, 167, 168, 169, 170, 171, 172, 173, 174, 175, 176, 177, 178, 179, 180, 181, 182, 183, 184, 185, 186, 187, 188, 189, 190, 191, 192, 193, 194, 195, 196, 197, 198, 199, 200]
- 0 Quintet states:  []
 
------------------------
 IMPROVED ACTIVE SPACE 
------------------------
Initial active space (HOMO = 33 ): [ 3 , 3 ] ; [31, 32, 33]
Final active space (HOMO = 33 ): [ 5 , 9 ] ; [30, 31, 32, 33, 34, 35, 36, 50, 76]
 
v2_3_3.out
------------------------
 EXCITED STATES ANALYSIS
------------------------
Configurations cut-off: 0.5
state config   sym hole  part unpairedorb amplitude      e    socc     lk   s2
    1      1   1Ag  0.0   0.0    22,23,24       1.0    0.0     0.0    0.0 3.75
    2      1   2Ag  0.0 100.0    22,23,31      0.67  0.348 253.623 -1.995 3.75
    2      2   2Ag  0.0 100.0    23,24,31       0.5  0.348 253.623 -1.995 3.75
    3      1   3Ag 0.01 99.99    22,24,32      0.69  0.382 232.962 -1.789 3.75
    3      2   3Ag 0.01 99.99    22,24,29      0.48  0.382 232.962 -1.789 3.75
    5      1   5Ag 0.26 99.74    23,24,30      0.49  1.752 226.226 -1.886 3.75
    5      2   5Ag 0.26 99.74    22,23,30      0.45  1.752 226.226 -1.886 3.75
    5      3   5Ag 0.26 99.74    23,24,36      0.44  1.752 226.226 -1.886 3.75
    5      4   5Ag 0.26 99.74    22,23,36       0.4  1.752 226.226 -1.886 3.75
  122      1 113Ag  0.0 100.0    22,23,63      0.85 49.511 230.365 -0.723 3.75
  123      1 114Ag  0.0 100.0    22,23,62      0.79  49.52 232.453  0.446 3.75
  123      2 114Ag  0.0 100.0    23,24,62      0.52  49.52 232.453  0.446 3.75
  161      1 150Ag  0.0 100.0    22,24,84      0.66 72.376 356.594  0.001 3.75
  161      2 150Ag  0.0 100.0    22,24,78       0.6 72.376 356.594  0.001 3.75
  161      3 150Ag  0.0 100.0    22,24,79      0.38 72.376 356.594  0.001 3.75
  162      1 151Ag  0.0 100.0    22,23,85      0.61 72.452 296.392 -0.001 3.75
  162      2 151Ag  0.0 100.0    22,23,77      0.44 72.452 296.392 -0.001 3.75
  162      3 151Ag  0.0 100.0    23,24,77      0.44 72.452 296.392 -0.001 3.75
  162      4 151Ag  0.0 100.0    23,24,85      0.42 72.452 296.392 -0.001 3.75
  166      1 155Ag  0.0 100.0    23,24,83      0.61 72.953 283.994  0.737 3.75
  166      2 155Ag  0.0 100.0    22,23,83       0.5 72.953 283.994  0.737 3.75
  166      3 155Ag  0.0 100.0    22,24,81      0.45 72.953 283.994  0.737 3.75
  168      1 157Ag  0.0 100.0    22,23,81      0.63 73.013 309.018 -0.743 3.75
  168      2 157Ag  0.0 100.0    23,24,82      0.51 73.013 309.018 -0.743 3.75
  168      3 157Ag  0.0 100.0    22,24,83      0.42 73.013 309.018 -0.743 3.75
  168      4 157Ag  0.0 100.0    23,24,81      0.36 73.013 309.018 -0.743 3.75

States multiplicity: 
- 0 Singlet states:  []
- 0 Doublet states:  []
- 0 Triplet states:  []
- 200 Quartet states:  [1, 2, 3, 4, 5, 6, 7, 8, 9, 10, 11, 12, 13, 14, 15, 16, 17, 18, 19, 20, 21, 22, 23, 24, 25, 26, 27, 28, 29, 30, 31, 32, 33, 34, 35, 36, 37, 38, 39, 40, 41, 42, 43, 44, 45, 46, 47, 48, 49, 50, 51, 52, 53, 54, 55, 56, 57, 58, 59, 60, 61, 62, 63, 64, 65, 66, 67, 68, 69, 70, 71, 72, 73, 74, 75, 76, 77, 78, 79, 80, 81, 82, 83, 84, 85, 86, 87, 88, 89, 90, 91, 92, 93, 94, 95, 96, 97, 98, 99, 100, 101, 102, 103, 104, 105, 106, 107, 108, 109, 110, 111, 112, 113, 114, 115, 116, 117, 118, 119, 120, 121, 122, 123, 124, 125, 126, 127, 128, 129, 130, 131, 132, 133, 134, 135, 136, 137, 138, 139, 140, 141, 142, 143, 144, 145, 146, 147, 148, 149, 150, 151, 152, 153, 154, 155, 156, 157, 158, 159, 160, 161, 162, 163, 164, 165, 166, 167, 168, 169, 170, 171, 172, 173, 174, 175, 176, 177, 178, 179, 180, 181, 182, 183, 184, 185, 186, 187, 188, 189, 190, 191, 192, 193, 194, 195, 196, 197, 198, 199, 200]
- 0 Quintet states:  []
 
------------------------
 IMPROVED ACTIVE SPACE 
------------------------
Initial active space (HOMO = 24 ): [ 3 , 3 ] ; [22, 23, 24]
Final active space (HOMO = 24 ): [ 3 , 18 ] ; [22, 23, 24, 29, 30, 31, 32, 36, 62, 63, 77, 78, 79, 81, 82, 83, 84, 85]
 
v2_3_3_sto3g.out
------------------------
 EXCITED STATES ANALYSIS
------------------------
Configurations cut-off: 0.5
state config  sym hole  part unpairedorb amplitude    e   socc    lk   s2
    1      1 1B1u 0.14 99.86    22,24,25       1.0  0.0    0.0   0.0 3.75
   28      1  3Au  0.0 100.0    22,24,32      0.99 5.13 75.086 1.988 3.75

States multiplicity: 
- 0 Singlet states:  []
- 0 Doublet states:  []
- 0 Triplet states:  []
- 30 Quartet states:  [1, 2, 3, 4, 5, 6, 7, 8, 9, 10, 11, 12, 13, 14, 15, 16, 17, 18, 19, 20, 21, 22, 23, 24, 25, 26, 27, 28, 29, 30]
- 0 Quintet states:  []
 
------------------------
 IMPROVED ACTIVE SPACE 
------------------------
Initial active space (HOMO = 24 ): [ 3 , 3 ] ; [22, 23, 24]
Final active space (HOMO = 24 ): [ 2 , 4 ] ; [22, 24, 25, 32]
 
*4_4*out
crf_5_5.out
------------------------
 EXCITED STATES ANALYSIS
------------------------
Configurations cut-off: 0.5
state config  sym hole  part    unpairedorb amplitude      e    socc     lk   s2
    1      1  1A1  0.0   0.0 15,16,17,18,19       1.0    0.0     0.0    0.0 8.75
    2      1  1B1  0.0 100.0 15,16,18,19,20      0.59  0.911 347.961 -1.431 8.75
    2      2  1B1  0.0 100.0 15,16,18,19,28      0.51  0.911 347.961 -1.431 8.75
    2      3  1B1  0.0 100.0 15,16,18,19,29      0.39  0.911 347.961 -1.431 8.75
    3      1  2B1  0.0 100.0 15,17,18,19,20      0.59  0.911 347.961  1.431 8.75
    3      2  2B1  0.0 100.0 15,17,18,19,28      0.51  0.911 347.961  1.431 8.75
    3      3  2B1  0.0 100.0 15,17,18,19,29      0.39  0.911 347.961  1.431 8.75
  113      1 24B2  1.6  98.4 16,17,18,19,39       0.8 40.184 299.592 -0.115 8.75
  113      2 24B2  1.6  98.4 16,17,18,19,40      0.52 40.184 299.592 -0.115 8.75
  114      1 25B2  1.6  98.4 16,17,18,19,40       0.8 40.184 299.592  0.115 8.75
  114      2 25B2  1.6  98.4 16,17,18,19,39      0.52 40.184 299.592  0.115 8.75
  150      1 35B2  0.0 100.0 15,17,18,19,47      0.55 61.974 453.109  0.033 8.75
  150      2 35B2  0.0 100.0 15,17,18,19,48      0.54 61.974 453.109  0.033 8.75
  150      3 35B2  0.0 100.0 15,16,18,19,49      0.54 61.974 453.109  0.033 8.75
  151      1 36B2  0.0 100.0 15,16,18,19,47      0.55 61.974 453.109 -0.033 8.75
  151      2 36B2  0.0 100.0 15,17,18,19,49      0.54 61.974 453.109 -0.033 8.75
  151      3 36B2  0.0 100.0 15,16,18,19,48      0.54 61.974 453.109 -0.033 8.75

States multiplicity: 
- 0 Singlet states:  []
- 0 Doublet states:  []
- 0 Triplet states:  []
- 0 Quartet states:  []
- 0 Quintet states:  []
 
------------------------
 IMPROVED ACTIVE SPACE 
------------------------
Initial active space (HOMO = 19 ): [ 5 , 5 ] ; [15, 16, 17, 18, 19]
Final active space (HOMO = 19 ): [ 5 , 13 ] ; [15, 16, 17, 18, 19, 20, 28, 29, 39, 40, 47, 48, 49]
 
crh_5_5.out
------------------------
 EXCITED STATES ANALYSIS
------------------------
Configurations cut-off: 0.5
state config  sym hole  part    unpairedorb amplitude      e    socc     lk   s2
    1      1  1A1  0.0   0.0 11,12,13,14,15       1.0    0.0     0.0    0.0 8.75
   87      1 16B2  0.0 100.0 12,13,14,15,33      0.87 39.846 361.508   0.02 8.75
   88      1 17B2  0.0 100.0 12,13,14,15,32      0.87 39.846 361.508  -0.02 8.75
  127      1 29B2  0.0 100.0 11,12,13,15,39       0.5 61.396 379.069 -0.012 8.75
  127      2 29B2  0.0 100.0 11,12,13,14,40       0.5 61.396 379.069 -0.012 8.75
  127      3 29B2  0.0 100.0 12,13,14,15,39      0.46 61.396 379.069 -0.012 8.75
  127      4 29B2  0.0 100.0 11,12,13,15,40       0.3 61.396 379.069 -0.012 8.75
  127      5 29B2  0.0 100.0 11,12,13,14,39       0.3 61.396 379.069 -0.012 8.75
  127      6 29B2  0.0 100.0 12,13,14,15,40      0.27 61.396 379.069 -0.012 8.75
  128      1 30B2  0.0 100.0 11,12,13,14,39       0.5 61.396 379.068  0.012 8.75
  128      2 30B2  0.0 100.0 11,12,13,15,40       0.5 61.396 379.068  0.012 8.75
  128      3 30B2  0.0 100.0 12,13,14,15,40      0.46 61.396 379.068  0.012 8.75
  128      4 30B2  0.0 100.0 11,12,13,15,39       0.3 61.396 379.068  0.012 8.75
  128      5 30B2  0.0 100.0 11,12,13,14,40       0.3 61.396 379.068  0.012 8.75
  128      6 30B2  0.0 100.0 12,13,14,15,39      0.27 61.396 379.068  0.012 8.75

States multiplicity: 
- 0 Singlet states:  []
- 0 Doublet states:  []
- 0 Triplet states:  []
- 0 Quartet states:  []
- 0 Quintet states:  []
 
------------------------
 IMPROVED ACTIVE SPACE 
------------------------
Initial active space (HOMO = 15 ): [ 5 , 5 ] ; [11, 12, 13, 14, 15]
Final active space (HOMO = 15 ): [ 5 , 9 ] ; [11, 12, 13, 14, 15, 32, 33, 39, 40]
 
mno_5_5.out
------------------------
 EXCITED STATES ANALYSIS
------------------------
Configurations cut-off: 0.5
state config  sym hole  part    unpairedorb amplitude      e    socc    lk   s2
    1      1  1A1  0.0   0.0 15,16,17,18,19       1.0    0.0     0.0   0.0 8.75
  172      1 42B1  0.0 100.0 15,16,18,19,52      0.94 92.729 634.647 0.025 8.75
  173      1 42B2  0.0 100.0 15,16,18,19,53      0.94 92.729 634.647 0.025 8.75

States multiplicity: 
- 0 Singlet states:  []
- 0 Doublet states:  []
- 0 Triplet states:  []
- 0 Quartet states:  []
- 0 Quintet states:  []
 
------------------------
 IMPROVED ACTIVE SPACE 
------------------------
Initial active space (HOMO = 19 ): [ 5 , 5 ] ; [15, 16, 17, 18, 19]
Final active space (HOMO = 19 ): [ 5 , 7 ] ; [15, 16, 17, 18, 19, 52, 53]
 
mns_5_5.out
------------------------
 EXCITED STATES ANALYSIS
------------------------
Configurations cut-off: 0.5
state config  sym hole  part    unpairedorb amplitude      e    socc     lk   s2
    1      1  1A1  0.0   0.0 19,20,21,22,23       1.0    0.0     0.0    0.0 8.75
  116      1 25B2  0.0 100.0 19,20,21,23,43      0.67 31.489 216.226  0.141 8.75
  116      2 25B2  0.0 100.0 19,20,21,22,42      0.67 31.489 216.226  0.141 8.75
  117      1 26B2  0.0 100.0 19,20,21,23,42      0.67 31.489 216.226 -0.141 8.75
  117      2 26B2  0.0 100.0 19,20,21,22,43      0.67 31.489 216.226 -0.141 8.75
  153      1 40B1  0.0 100.0 19,20,21,22,50      0.89 53.388 280.407 -0.337 8.75
  154      1 41B1  0.0 100.0 19,20,21,23,50      0.89 53.388 280.407 -0.337 8.75

States multiplicity: 
- 0 Singlet states:  []
- 0 Doublet states:  []
- 0 Triplet states:  []
- 0 Quartet states:  []
- 0 Quintet states:  []
 
------------------------
 IMPROVED ACTIVE SPACE 
------------------------
Initial active space (HOMO = 23 ): [ 5 , 5 ] ; [19, 20, 21, 22, 23]
Final active space (HOMO = 23 ): [ 5 , 8 ] ; [19, 20, 21, 22, 23, 42, 43, 50]
 
mnbr_6_6.out
------------------------
 EXCITED STATES ANALYSIS
------------------------
Configurations cut-off: 0.5
state config  sym  hole  part       unpairedorb amplitude      e    socc     lk   s2
    1      1  1A1   0.0   0.0 28,29,30,31,32,33       1.0    0.0     0.0    0.0 12.0
    6      1  2B2 99.88  0.12 27,28,29,30,31,32      0.89  7.552 311.797  0.115 12.0
    7      1  2B1 99.88  0.12 26,28,29,30,31,32      0.89  7.552 311.797 -0.115 12.0
  149      1 39B2  0.01 99.99 28,29,30,32,33,55      0.85 33.794 313.513 -0.126 12.0
  150      1 33B1  0.01 99.99 28,29,31,32,33,55      0.85 33.794 313.513  0.126 12.0
  165      1 36B1  3.16 96.84 28,29,30,31,32,63      0.81 45.935 592.536  1.087 12.0
  165      2 36B1  3.16 96.84 28,29,30,31,32,60      0.49 45.935 592.536  1.087 12.0
  166      1 44B2  3.16 96.84 28,29,30,31,32,64      0.81 45.935 592.536  1.087 12.0
  166      2 44B2  3.16 96.84 28,29,30,31,32,61      0.49 45.935 592.536  1.087 12.0

States multiplicity: 
- 0 Singlet states:  []
- 0 Doublet states:  []
- 0 Triplet states:  []
- 0 Quartet states:  []
- 0 Quintet states:  []
 
------------------------
 IMPROVED ACTIVE SPACE 
------------------------
Initial active space (HOMO = 33 ): [ 6 , 6 ] ; [28, 29, 30, 31, 32, 33]
Final active space (HOMO = 33 ): [ 10 , 13 ] ; [26, 27, 28, 29, 30, 31, 32, 33, 55, 60, 61, 63, 64]
 
mncl_6_6.out
------------------------
 EXCITED STATES ANALYSIS
------------------------
Configurations cut-off: 0.5
state config  sym hole  part       unpairedorb amplitude      e    socc     lk   s2
    1      1  1A1  0.0   0.0 19,20,21,22,23,24       1.0    0.0     0.0    0.0 12.0
  146      1 35B1  0.0 100.0 19,20,22,23,24,44       0.8 34.968 280.636 -0.341 12.0
  147      1 37B2  0.0 100.0 19,20,22,23,24,45       0.8 34.968 280.636 -0.341 12.0
  162      1 38B1  0.0 100.0 19,20,21,22,23,48      0.95 46.071 560.097  0.419 12.0
  163      1 42B2  0.0 100.0 19,20,21,22,23,49      0.95 46.071 560.097  0.419 12.0

States multiplicity: 
- 0 Singlet states:  []
- 0 Doublet states:  []
- 0 Triplet states:  []
- 0 Quartet states:  []
- 0 Quintet states:  []
 
------------------------
 IMPROVED ACTIVE SPACE 
------------------------
Initial active space (HOMO = 24 ): [ 6 , 6 ] ; [19, 20, 21, 22, 23, 24]
Final active space (HOMO = 24 ): [ 6 , 10 ] ; [19, 20, 21, 22, 23, 24, 44, 45, 48, 49]
 
mnf_6_6.out
------------------------
 EXCITED STATES ANALYSIS
------------------------
Configurations cut-off: 0.5
state config  sym hole  part       unpairedorb amplitude      e    socc     lk   s2
    1      1  1A1  0.0   0.0 15,16,17,18,19,20       1.0    0.0     0.0    0.0 12.0
  135      1 30B1  0.0 100.0 15,16,17,18,19,40      0.93 45.789 577.728 -0.215 12.0
  136      1 36B2  0.0 100.0 15,16,17,18,19,41      0.93 45.789 577.728  0.215 12.0
  188      1 40B1  0.0 100.0 15,16,17,18,19,51      0.75 93.472 812.726 -0.127 12.0
  188      2 40B1  0.0 100.0 15,16,18,19,20,51      0.54 93.472 812.726 -0.127 12.0
  189      1 52B2  0.0 100.0 15,16,17,18,19,52      0.75 93.472 812.726 -0.127 12.0
  189      2 52B2  0.0 100.0 15,16,18,19,20,52      0.54 93.472 812.726 -0.127 12.0

States multiplicity: 
- 0 Singlet states:  []
- 0 Doublet states:  []
- 0 Triplet states:  []
- 0 Quartet states:  []
- 0 Quintet states:  []
 
------------------------
 IMPROVED ACTIVE SPACE 
------------------------
Initial active space (HOMO = 20 ): [ 6 , 6 ] ; [15, 16, 17, 18, 19, 20]
Final active space (HOMO = 20 ): [ 6 , 10 ] ; [15, 16, 17, 18, 19, 20, 40, 41, 51, 52]
 
mnh_6_6.out
------------------------
 EXCITED STATES ANALYSIS
------------------------
Configurations cut-off: 0.5
state config  sym hole  part       unpairedorb amplitude      e    socc     lk   s2
    1      1  1A1  0.0   0.0 11,12,13,14,15,16       1.0    0.0     0.0    0.0 12.0
   98      1 18B1  0.0 100.0 11,12,13,14,15,33      0.98 45.414 687.336 -0.091 12.0
   99      1 28B2  0.0 100.0 11,12,13,14,15,34      0.98 45.414 687.336  0.091 12.0
  146      1 28B1  0.0 100.0 11,12,13,14,16,42      0.66 93.797 832.063  0.019 12.0
  146      2 28B1  0.0 100.0 11,12,13,14,15,42      0.63 93.797 832.063  0.019 12.0
  147      1 42B2  0.0 100.0 11,12,13,14,16,43      0.66 93.797 832.063  0.019 12.0
  147      2 42B2  0.0 100.0 11,12,13,14,15,43      0.63 93.797 832.063  0.019 12.0

States multiplicity: 
- 0 Singlet states:  []
- 0 Doublet states:  []
- 0 Triplet states:  []
- 0 Quartet states:  []
- 0 Quintet states:  []
 
------------------------
 IMPROVED ACTIVE SPACE 
------------------------
Initial active space (HOMO = 16 ): [ 6 , 6 ] ; [11, 12, 13, 14, 15, 16]
Final active space (HOMO = 16 ): [ 6 , 10 ] ; [11, 12, 13, 14, 15, 16, 33, 34, 42, 43]
 
mni_6_6.out
------------------------
 EXCITED STATES ANALYSIS
------------------------
Configurations cut-off: 0.5
state config  sym hole  part       unpairedorb amplitude      e    socc     lk   s2
    1      1  1A1  0.0   0.0 23,24,25,26,27,28       1.0    0.0     0.0    0.0 12.0
  135      1 32B2  0.0 100.0 23,24,25,27,28,46      0.73 31.496 315.262  0.027 12.0
  135      2 32B2  0.0 100.0 23,24,25,27,28,51      0.45 31.496 315.262  0.027 12.0
  136      1 34B1  0.0 100.0 23,24,26,27,28,46      0.73 31.496 315.262 -0.027 12.0
  136      2 34B1  0.0 100.0 23,24,26,27,28,51      0.45 31.496 315.262 -0.027 12.0
  144      1 35B1  0.0 100.0 23,24,25,26,28,47      0.84 31.817  321.72 -0.078 12.0
  145      1 35B2  0.0 100.0 23,24,25,26,28,48      0.84 31.817  321.72 -0.078 12.0

States multiplicity: 
- 0 Singlet states:  []
- 0 Doublet states:  []
- 0 Triplet states:  []
- 0 Quartet states:  []
- 0 Quintet states:  []
 
------------------------
 IMPROVED ACTIVE SPACE 
------------------------
Initial active space (HOMO = 28 ): [ 6 , 6 ] ; [23, 24, 25, 26, 27, 28]
Final active space (HOMO = 28 ): [ 6 , 10 ] ; [23, 24, 25, 26, 27, 28, 46, 47, 48, 51]
 
mn2_11_11.out
------------------------
 EXCITED STATES ANALYSIS
------------------------
Configurations cut-off: 0.5
state config   sym hole  part                      unpairedorb amplitude      e    socc     lk    s2
    1      1  1B1g  0.0   0.0 20,21,22,23,24,25,26,27,28,29,30       1.0    0.0     0.0    0.0 35.75
   63      1  7B2g  0.0 100.0 21,22,23,24,25,26,27,28,29,30,34      0.75 15.802 224.316  0.202 35.75
   63      2  7B2g  0.0 100.0 20,21,22,23,24,25,26,27,28,30,32      0.47 15.802 224.316  0.202 35.75
   64      1  7B3g  0.0 100.0 21,22,23,24,25,26,27,28,29,30,35      0.75 15.802 224.316 -0.202 35.75
   64      2  7B3g  0.0 100.0 20,21,22,23,24,25,26,27,28,30,33      0.47 15.802 224.316 -0.202 35.75
   91      1 12B2g  0.0 100.0 20,22,23,24,25,26,27,28,29,30,36      0.59 17.087 292.623 -0.143 35.75
   91      2 12B2g  0.0 100.0 20,21,22,23,24,25,26,28,29,30,37      0.49 17.087 292.623 -0.143 35.75
   91      3 12B2g  0.0 100.0 20,22,23,24,25,26,27,28,29,30,40      0.44 17.087 292.623 -0.143 35.75
   91      4 12B2g  0.0 100.0 20,21,22,23,24,25,26,28,29,30,45      0.34 17.087 292.623 -0.143 35.75
   92      1 10B3g  0.0 100.0 20,21,23,24,25,26,27,28,29,30,36      0.59 17.087 292.623 -0.143 35.75
   92      2 10B3g  0.0 100.0 20,21,22,23,24,25,26,27,29,30,37      0.49 17.087 292.623 -0.143 35.75
   92      3 10B3g  0.0 100.0 20,21,23,24,25,26,27,28,29,30,40      0.44 17.087 292.623 -0.143 35.75
   92      4 10B3g  0.0 100.0 20,21,22,23,24,25,26,27,29,30,45      0.34 17.087 292.623 -0.143 35.75
  121      1 16B3g  0.0 100.0 20,21,22,23,24,25,26,27,28,30,42      0.81 19.313 230.343  0.125 35.75
  122      1 17B2g  0.0 100.0 20,21,22,23,24,25,26,27,28,30,41      0.81 19.313 230.343  0.125 35.75

States multiplicity: 
- 0 Singlet states:  []
- 0 Doublet states:  []
- 0 Triplet states:  []
- 0 Quartet states:  []
- 0 Quintet states:  []
 
------------------------
 IMPROVED ACTIVE SPACE 
------------------------
Initial active space (HOMO = 30 ): [ 11 , 11 ] ; [20, 21, 22, 23, 24, 25, 26, 27, 28, 29, 30]
Final active space (HOMO = 30 ): [ 11 , 21 ] ; [20, 21, 22, 23, 24, 25, 26, 27, 28, 29, 30, 32, 33, 34, 35, 36, 37, 40, 41, 42, 45]
 
