----------------------
 G-TENSOR ANALYSIS
----------------------
g-shift cut-off: 77.616 77.616 0.0
 
state config. symmetry unpaired orb      gxx      gyy  gzz
    1       1     1B1g     31,32,33       --       --   --
    5       1     1B3g     32,33,35   -0.004 -155.233 -0.0
    6       1     1B2g     32,33,34 -155.233    0.004 -0.0

-------------------------------
 IMPROVED ACTIVE SPACE BY G-TENSOR
-------------------------------
Initial active space (HOMO = 33 ): [ 3 , 3 ] ; [31, 32, 33]
Final active space (HOMO = 33 ): [ 3 , 5 ] ; [31, 32, 33, 34, 35]
 
------------------------
 EXCITED STATES ANALYSIS
------------------------
Configurations cut-off: 0.5
state config   sym  hole  part unpairedorb amplitude      e    socc    lk   s2
    1      1  1B1g   0.0   0.0    31,32,33       1.0    0.0     0.0   0.0 3.75
    5      1  1B3g  1.08 98.92    32,33,35      0.99  2.725 756.885 1.127 3.75
    6      1  1B2g  1.08 98.92    32,33,34      0.99  2.725 756.885 1.127 3.75
    9      1  2B3g 26.84 73.16    31,32,36      0.83  5.237 580.496 0.328 3.75
    9      2  2B3g 26.84 73.16    30,31,32      0.52  5.237 580.496 0.328 3.75
   10      1  2B2g 26.84 73.16    31,33,36      0.83  5.237 580.496 0.328 3.75
   10      2  2B2g 26.84 73.16    30,31,33      0.52  5.237 580.496 0.328 3.75
   56      1  6B2g  0.01 99.99    31,33,50      0.93 16.274 734.328 0.397 3.75
   57      1  6B3g  0.01 99.99    31,32,50      0.93 16.274 734.328 0.397 3.75
  164      1 18B3g  0.01 99.99    31,32,76      0.99 44.392 638.383 -0.11 3.75
  165      1 20B2g  0.01 99.99    31,33,76      0.99 44.392 638.383 -0.11 3.75

States multiplicity: 
- 0 Singlet states:  []
- 0 Doublet states:  []
- 0 Triplet states:  []
- 200 Quartet states:  [1, 2, 3, 4, 5, 6, 7, 8, 9, 10, 11, 12, 13, 14, 15, 16, 17, 18, 19, 20, 21, 22, 23, 24, 25, 26, 27, 28, 29, 30, 31, 32, 33, 34, 35, 36, 37, 38, 39, 40, 41, 42, 43, 44, 45, 46, 47, 48, 49, 50, 51, 52, 53, 54, 55, 56, 57, 58, 59, 60, 61, 62, 63, 64, 65, 66, 67, 68, 69, 70, 71, 72, 73, 74, 75, 76, 77, 78, 79, 80, 81, 82, 83, 84, 85, 86, 87, 88, 89, 90, 91, 92, 93, 94, 95, 96, 97, 98, 99, 100, 101, 102, 103, 104, 105, 106, 107, 108, 109, 110, 111, 112, 113, 114, 115, 116, 117, 118, 119, 120, 121, 122, 123, 124, 125, 126, 127, 128, 129, 130, 131, 132, 133, 134, 135, 136, 137, 138, 139, 140, 141, 142, 143, 144, 145, 146, 147, 148, 149, 150, 151, 152, 153, 154, 155, 156, 157, 158, 159, 160, 161, 162, 163, 164, 165, 166, 167, 168, 169, 170, 171, 172, 173, 174, 175, 176, 177, 178, 179, 180, 181, 182, 183, 184, 185, 186, 187, 188, 189, 190, 191, 192, 193, 194, 195, 196, 197, 198, 199, 200]
- 0 Quintet states:  []
 
--------------------------------
 IMPROVED ACTIVE SPACE BY SOC AND L
--------------------------------
Initial active space (HOMO = 33 ): [ 3 , 3 ] ; [31, 32, 33]
Final active space (HOMO = 33 ): [ 5 , 9 ] ; [30, 31, 32, 33, 34, 35, 36, 50, 76]
 
