----------------------
 G-TENSOR ANALYSIS
----------------------
g-shift cut-off: 7.449 7.449 0.0
 
state config. symmetry                     unpaired orb     gxx    gyy  gzz
    1       1     1B1g 20,21,22,23,24,25,26,27,28,29,30      --     --   --
    3       1     1B2g 20,21,22,23,24,25,26,27,28,29,32 -14.898 -0.012  0.0
    4       1     1B3g 20,21,22,23,24,25,26,27,28,29,33  -0.012 14.898 -0.0

-------------------------------
 IMPROVED ACTIVE SPACE BY G-TENSOR
-------------------------------
Initial active space (HOMO = 30 ): [ 11 , 11 ] ; [20, 21, 22, 23, 24, 25, 26, 27, 28, 29, 30]
Final active space (HOMO = 30 ): [ 11 , 13 ] ; [20, 21, 22, 23, 24, 25, 26, 27, 28, 29, 30, 32, 33]
 
------------------------
 EXCITED STATES ANALYSIS
------------------------
Configurations cut-off: 0.5
state config   sym hole  part                      unpairedorb amplitude      e    socc     lk    s2
    1      1  1B1g  0.0   0.0 20,21,22,23,24,25,26,27,28,29,30       1.0    0.0     0.0    0.0 35.75
   63      1  7B2g  0.0 100.0 21,22,23,24,25,26,27,28,29,30,34      0.75 15.802 224.316  0.202 35.75
   63      2  7B2g  0.0 100.0 20,21,22,23,24,25,26,27,28,30,32      0.47 15.802 224.316  0.202 35.75
   64      1  7B3g  0.0 100.0 21,22,23,24,25,26,27,28,29,30,35      0.75 15.802 224.316 -0.202 35.75
   64      2  7B3g  0.0 100.0 20,21,22,23,24,25,26,27,28,30,33      0.47 15.802 224.316 -0.202 35.75
   91      1 12B2g  0.0 100.0 20,22,23,24,25,26,27,28,29,30,36      0.59 17.087 292.623 -0.143 35.75
   91      2 12B2g  0.0 100.0 20,21,22,23,24,25,26,28,29,30,37      0.49 17.087 292.623 -0.143 35.75
   91      3 12B2g  0.0 100.0 20,22,23,24,25,26,27,28,29,30,40      0.44 17.087 292.623 -0.143 35.75
   91      4 12B2g  0.0 100.0 20,21,22,23,24,25,26,28,29,30,45      0.34 17.087 292.623 -0.143 35.75
   92      1 10B3g  0.0 100.0 20,21,23,24,25,26,27,28,29,30,36      0.59 17.087 292.623 -0.143 35.75
   92      2 10B3g  0.0 100.0 20,21,22,23,24,25,26,27,29,30,37      0.49 17.087 292.623 -0.143 35.75
   92      3 10B3g  0.0 100.0 20,21,23,24,25,26,27,28,29,30,40      0.44 17.087 292.623 -0.143 35.75
   92      4 10B3g  0.0 100.0 20,21,22,23,24,25,26,27,29,30,45      0.34 17.087 292.623 -0.143 35.75
  121      1 16B3g  0.0 100.0 20,21,22,23,24,25,26,27,28,30,42      0.81 19.313 230.343  0.125 35.75
  122      1 17B2g  0.0 100.0 20,21,22,23,24,25,26,27,28,30,41      0.81 19.313 230.343  0.125 35.75

States multiplicity: 
- 0 Singlet states:  []
- 0 Doublet states:  []
- 0 Triplet states:  []
- 0 Quartet states:  []
- 0 Quintet states:  []
 
--------------------------------
 IMPROVED ACTIVE SPACE BY SOC AND L
--------------------------------
Initial active space (HOMO = 30 ): [ 11 , 11 ] ; [20, 21, 22, 23, 24, 25, 26, 27, 28, 29, 30]
Final active space (HOMO = 30 ): [ 11 , 21 ] ; [20, 21, 22, 23, 24, 25, 26, 27, 28, 29, 30, 32, 33, 34, 35, 36, 37, 40, 41, 42, 45]
 
