----------------------
 G-TENSOR ANALYSIS
----------------------
g-shift cut-off: 135.531 135.531 0.0
 
state config. symmetry   unpaired orb      gxx      gyy  gzz
    1       1      1A1 15,16,17,18,19       --       --   --
    2       1      1B1 15,16,18,19,20  271.062 -112.084 -0.0
    2       2      1B1 15,16,18,19,28  271.062 -112.084 -0.0
    2       3      1B1 15,16,18,19,29  271.062 -112.084 -0.0
    3       1      2B1 15,17,18,19,20 -112.084 -271.062 -0.0
    3       2      2B1 15,17,18,19,28 -112.084 -271.062 -0.0
    3       3      2B1 15,17,18,19,29 -112.084 -271.062 -0.0

-------------------------------
 IMPROVED ACTIVE SPACE BY G-TENSOR
-------------------------------
Initial active space (HOMO = 19 ): [ 5 , 5 ] ; [15, 16, 17, 18, 19]
Final active space (HOMO = 19 ): [ 5 , 8 ] ; [15, 16, 17, 18, 19, 20, 28, 29]
 
------------------------
 EXCITED STATES ANALYSIS
------------------------
Configurations cut-off: 0.5
state config  sym hole  part    unpairedorb amplitude      e    socc     lk   s2
    1      1  1A1  0.0   0.0 15,16,17,18,19       1.0    0.0     0.0    0.0 8.75
    2      1  1B1  0.0 100.0 15,16,18,19,20      0.59  0.911 347.961 -1.431 8.75
    2      2  1B1  0.0 100.0 15,16,18,19,28      0.51  0.911 347.961 -1.431 8.75
    2      3  1B1  0.0 100.0 15,16,18,19,29      0.39  0.911 347.961 -1.431 8.75
    3      1  2B1  0.0 100.0 15,17,18,19,20      0.59  0.911 347.961  1.431 8.75
    3      2  2B1  0.0 100.0 15,17,18,19,28      0.51  0.911 347.961  1.431 8.75
    3      3  2B1  0.0 100.0 15,17,18,19,29      0.39  0.911 347.961  1.431 8.75
  113      1 24B2  1.6  98.4 16,17,18,19,39       0.8 40.184 299.592 -0.115 8.75
  113      2 24B2  1.6  98.4 16,17,18,19,40      0.52 40.184 299.592 -0.115 8.75
  114      1 25B2  1.6  98.4 16,17,18,19,40       0.8 40.184 299.592  0.115 8.75
  114      2 25B2  1.6  98.4 16,17,18,19,39      0.52 40.184 299.592  0.115 8.75
  150      1 35B2  0.0 100.0 15,17,18,19,47      0.55 61.974 453.109  0.033 8.75
  150      2 35B2  0.0 100.0 15,17,18,19,48      0.54 61.974 453.109  0.033 8.75
  150      3 35B2  0.0 100.0 15,16,18,19,49      0.54 61.974 453.109  0.033 8.75
  151      1 36B2  0.0 100.0 15,16,18,19,47      0.55 61.974 453.109 -0.033 8.75
  151      2 36B2  0.0 100.0 15,17,18,19,49      0.54 61.974 453.109 -0.033 8.75
  151      3 36B2  0.0 100.0 15,16,18,19,48      0.54 61.974 453.109 -0.033 8.75

States multiplicity: 
- 0 Singlet states:  []
- 0 Doublet states:  []
- 0 Triplet states:  []
- 0 Quartet states:  []
- 0 Quintet states:  []
 
--------------------------------
 IMPROVED ACTIVE SPACE BY SOC AND L
--------------------------------
Initial active space (HOMO = 19 ): [ 5 , 5 ] ; [15, 16, 17, 18, 19]
Final active space (HOMO = 19 ): [ 5 , 13 ] ; [15, 16, 17, 18, 19, 20, 28, 29, 39, 40, 47, 48, 49]
 
