----------------------
 G-TENSOR ANALYSIS
----------------------
g-shift cut-off: 60.406 17.427 360.737
 
state config. symmetry unpaired orb     gxx     gyy     gzz
    1       1      1Ag     22,23,24      --      --      --
    2       1      2Ag     22,23,31   0.004   0.021 721.474
    2       2      2Ag     23,24,31   0.004   0.021 721.474
    3       1      3Ag     22,24,32  -0.081  -0.291 541.337
    3       2      3Ag     22,24,29  -0.081  -0.291 541.337
    5       1      5Ag     23,24,30 120.813 -34.854     0.0
    5       2      5Ag     22,23,30 120.813 -34.854     0.0
    5       3      5Ag     23,24,36 120.813 -34.854     0.0
    5       4      5Ag     22,23,36 120.813 -34.854     0.0
   10       1     10Ag     22,23,28   8.061  27.927  -0.014
   10       2     10Ag     23,24,28   8.061  27.927  -0.014
   10       3     10Ag     22,23,35   8.061  27.927  -0.014
   10       4     10Ag     23,24,35   8.061  27.927  -0.014

-------------------------------
 IMPROVED ACTIVE SPACE BY G-TENSOR
-------------------------------
Initial active space (HOMO = 24 ): [ 3 , 3 ] ; [22, 23, 24]
Final active space (HOMO = 24 ): [ 3 , 10 ] ; [22, 23, 24, 28, 29, 30, 31, 32, 35, 36]
 
------------------------
 EXCITED STATES ANALYSIS
------------------------
Configurations cut-off: 0.5
state config   sym hole  part unpairedorb amplitude      e    socc     lk   s2
    1      1   1Ag  0.0   0.0    22,23,24       1.0    0.0     0.0    0.0 3.75
    2      1   2Ag  0.0 100.0    22,23,31      0.67  0.348 253.623 -1.995 3.75
    2      2   2Ag  0.0 100.0    23,24,31       0.5  0.348 253.623 -1.995 3.75
    3      1   3Ag 0.01 99.99    22,24,32      0.69  0.382 232.962 -1.789 3.75
    3      2   3Ag 0.01 99.99    22,24,29      0.48  0.382 232.962 -1.789 3.75
    5      1   5Ag 0.26 99.74    23,24,30      0.49  1.752 226.226 -1.886 3.75
    5      2   5Ag 0.26 99.74    22,23,30      0.45  1.752 226.226 -1.886 3.75
    5      3   5Ag 0.26 99.74    23,24,36      0.44  1.752 226.226 -1.886 3.75
    5      4   5Ag 0.26 99.74    22,23,36       0.4  1.752 226.226 -1.886 3.75
  122      1 113Ag  0.0 100.0    22,23,63      0.85 49.511 230.365 -0.723 3.75
  123      1 114Ag  0.0 100.0    22,23,62      0.79  49.52 232.453  0.446 3.75
  123      2 114Ag  0.0 100.0    23,24,62      0.52  49.52 232.453  0.446 3.75
  161      1 150Ag  0.0 100.0    22,24,84      0.66 72.376 356.594  0.001 3.75
  161      2 150Ag  0.0 100.0    22,24,78       0.6 72.376 356.594  0.001 3.75
  161      3 150Ag  0.0 100.0    22,24,79      0.38 72.376 356.594  0.001 3.75
  162      1 151Ag  0.0 100.0    22,23,85      0.61 72.452 296.392 -0.001 3.75
  162      2 151Ag  0.0 100.0    22,23,77      0.44 72.452 296.392 -0.001 3.75
  162      3 151Ag  0.0 100.0    23,24,77      0.44 72.452 296.392 -0.001 3.75
  162      4 151Ag  0.0 100.0    23,24,85      0.42 72.452 296.392 -0.001 3.75
  166      1 155Ag  0.0 100.0    23,24,83      0.61 72.953 283.994  0.737 3.75
  166      2 155Ag  0.0 100.0    22,23,83       0.5 72.953 283.994  0.737 3.75
  166      3 155Ag  0.0 100.0    22,24,81      0.45 72.953 283.994  0.737 3.75
  168      1 157Ag  0.0 100.0    22,23,81      0.63 73.013 309.018 -0.743 3.75
  168      2 157Ag  0.0 100.0    23,24,82      0.51 73.013 309.018 -0.743 3.75
  168      3 157Ag  0.0 100.0    22,24,83      0.42 73.013 309.018 -0.743 3.75
  168      4 157Ag  0.0 100.0    23,24,81      0.36 73.013 309.018 -0.743 3.75

States multiplicity: 
- 0 Singlet states:  []
- 0 Doublet states:  []
- 0 Triplet states:  []
- 200 Quartet states:  [1, 2, 3, 4, 5, 6, 7, 8, 9, 10, 11, 12, 13, 14, 15, 16, 17, 18, 19, 20, 21, 22, 23, 24, 25, 26, 27, 28, 29, 30, 31, 32, 33, 34, 35, 36, 37, 38, 39, 40, 41, 42, 43, 44, 45, 46, 47, 48, 49, 50, 51, 52, 53, 54, 55, 56, 57, 58, 59, 60, 61, 62, 63, 64, 65, 66, 67, 68, 69, 70, 71, 72, 73, 74, 75, 76, 77, 78, 79, 80, 81, 82, 83, 84, 85, 86, 87, 88, 89, 90, 91, 92, 93, 94, 95, 96, 97, 98, 99, 100, 101, 102, 103, 104, 105, 106, 107, 108, 109, 110, 111, 112, 113, 114, 115, 116, 117, 118, 119, 120, 121, 122, 123, 124, 125, 126, 127, 128, 129, 130, 131, 132, 133, 134, 135, 136, 137, 138, 139, 140, 141, 142, 143, 144, 145, 146, 147, 148, 149, 150, 151, 152, 153, 154, 155, 156, 157, 158, 159, 160, 161, 162, 163, 164, 165, 166, 167, 168, 169, 170, 171, 172, 173, 174, 175, 176, 177, 178, 179, 180, 181, 182, 183, 184, 185, 186, 187, 188, 189, 190, 191, 192, 193, 194, 195, 196, 197, 198, 199, 200]
- 0 Quintet states:  []
 
--------------------------------
 IMPROVED ACTIVE SPACE BY SOC AND L
--------------------------------
Initial active space (HOMO = 24 ): [ 3 , 3 ] ; [22, 23, 24]
Final active space (HOMO = 24 ): [ 3 , 18 ] ; [22, 23, 24, 29, 30, 31, 32, 36, 62, 63, 77, 78, 79, 81, 82, 83, 84, 85]
 
