----------------------
 G-TENSOR ANALYSIS
----------------------
g-shift cut-off: 89.763 89.763 0.0
 
state config. symmetry   unpaired orb      gxx     gyy gzz
    1       1      1A1 11,12,13,14,15       --      --  --
    2       1      1B1 11,12,14,15,24 -179.526 108.212 0.0
    2       2      1B1 11,12,14,15,16 -179.526 108.212 0.0
    2       3      1B1 11,13,14,15,24 -179.526 108.212 0.0
    2       4      1B1 11,13,14,15,16 -179.526 108.212 0.0
    3       1      2B1 11,13,14,15,24  108.212 179.526 0.0
    3       2      2B1 11,13,14,15,16  108.212 179.526 0.0
    3       3      2B1 11,12,14,15,24  108.212 179.526 0.0
    3       4      2B1 11,12,14,15,16  108.212 179.526 0.0

-------------------------------
 IMPROVED ACTIVE SPACE BY G-TENSOR
-------------------------------
Initial active space (HOMO = 15 ): [ 5 , 5 ] ; [11, 12, 13, 14, 15]
Final active space (HOMO = 15 ): [ 5 , 7 ] ; [11, 12, 13, 14, 15, 16, 24]
 
------------------------
 EXCITED STATES ANALYSIS
------------------------
Configurations cut-off: 0.5
state config  sym hole  part    unpairedorb amplitude      e    socc     lk   s2
    1      1  1A1  0.0   0.0 11,12,13,14,15       1.0    0.0     0.0    0.0 8.75
   87      1 16B2  0.0 100.0 12,13,14,15,33      0.87 39.846 361.508   0.02 8.75
   88      1 17B2  0.0 100.0 12,13,14,15,32      0.87 39.846 361.508  -0.02 8.75
  127      1 29B2  0.0 100.0 11,12,13,15,39       0.5 61.396 379.069 -0.012 8.75
  127      2 29B2  0.0 100.0 11,12,13,14,40       0.5 61.396 379.069 -0.012 8.75
  127      3 29B2  0.0 100.0 12,13,14,15,39      0.46 61.396 379.069 -0.012 8.75
  127      4 29B2  0.0 100.0 11,12,13,15,40       0.3 61.396 379.069 -0.012 8.75
  127      5 29B2  0.0 100.0 11,12,13,14,39       0.3 61.396 379.069 -0.012 8.75
  127      6 29B2  0.0 100.0 12,13,14,15,40      0.27 61.396 379.069 -0.012 8.75
  128      1 30B2  0.0 100.0 11,12,13,14,39       0.5 61.396 379.068  0.012 8.75
  128      2 30B2  0.0 100.0 11,12,13,15,40       0.5 61.396 379.068  0.012 8.75
  128      3 30B2  0.0 100.0 12,13,14,15,40      0.46 61.396 379.068  0.012 8.75
  128      4 30B2  0.0 100.0 11,12,13,15,39       0.3 61.396 379.068  0.012 8.75
  128      5 30B2  0.0 100.0 11,12,13,14,40       0.3 61.396 379.068  0.012 8.75
  128      6 30B2  0.0 100.0 12,13,14,15,39      0.27 61.396 379.068  0.012 8.75

States multiplicity: 
- 0 Singlet states:  []
- 0 Doublet states:  []
- 0 Triplet states:  []
- 0 Quartet states:  []
- 0 Quintet states:  []
 
--------------------------------
 IMPROVED ACTIVE SPACE BY SOC AND L
--------------------------------
Initial active space (HOMO = 15 ): [ 5 , 5 ] ; [11, 12, 13, 14, 15]
Final active space (HOMO = 15 ): [ 5 , 9 ] ; [11, 12, 13, 14, 15, 32, 33, 39, 40]
 
