--------------------------------------
     INPUT SECTION
--------------------------------------
File selected:  crh_5_5.out
Number of states selected:  186
Selected states selected:  [1, 2, 3, 4, 5, 6, 7, 8, 9, 10, 11, 12, 13, 14, 15, 16, 17, 18, 19, 20, 21, 22, 23, 24, 25, 26, 27, 28, 29, 30, 31, 32, 33, 34, 35, 36, 37, 38, 39, 40, 41, 42, 43, 44, 45, 46, 47, 48, 49, 50, 51, 52, 53, 54, 55, 56, 57, 58, 59, 60, 61, 62, 63, 64, 65, 66, 67, 68, 69, 70, 71, 72, 73, 74, 75, 76, 77, 78, 79, 80, 81, 82, 83, 84, 85, 86, 87, 88, 89, 90, 91, 92, 93, 94, 95, 96, 97, 98, 99, 100, 101, 102, 103, 104, 105, 106, 107, 108, 109, 110, 111, 112, 113, 114, 115, 116, 117, 118, 119, 120, 121, 122, 123, 124, 125, 126, 127, 128, 129, 130, 131, 132, 133, 134, 135, 136, 137, 138, 139, 140, 141, 142, 143, 144, 145, 146, 147, 148, 149, 150, 151, 152, 153, 154, 155, 156, 157, 158, 159, 160, 161, 162, 163, 164, 165, 166, 167, 168, 169, 170, 171, 172, 173, 174, 175, 176, 177, 178, 179, 180, 181, 182, 183, 184, 185, 186]
 
------------------------
 RAS-CI RESULTS
------------------------
g-factor (x y z dimensions):
-25.602 -25.602 -0.071

------------------------
 EXCITED STATES ANALYSIS
------------------------
Configurations cut-off: 0.5
state config  sym  hole  part    unpairedorb amplitude       e    socc     lk   s2
    1      1  1A1   0.0   0.0 11,12,13,14,15       1.0     0.0     0.0    0.0 8.75
    2      1  1B1  0.01 99.99 11,12,14,15,24      0.57    1.13 323.192  1.266 8.75
    2      2  1B1  0.01 99.99 11,12,14,15,16      0.56    1.13 323.192  1.266 8.75
    2      3  1B1  0.01 99.99 11,13,14,15,24      0.34    1.13 323.192  1.266 8.75
    2      4  1B1  0.01 99.99 11,13,14,15,16      0.34    1.13 323.192  1.266 8.75
    3      1  2B1  0.01 99.99 11,13,14,15,24      0.57    1.13 323.192 -1.266 8.75
    3      2  2B1  0.01 99.99 11,13,14,15,16      0.56    1.13 323.192 -1.266 8.75
    3      3  2B1  0.01 99.99 11,12,14,15,24      0.34    1.13 323.192 -1.266 8.75
    3      4  2B1  0.01 99.99 11,12,14,15,16      0.34    1.13 323.192 -1.266 8.75
    7      1  3B1   0.0 100.0 12,13,14,15,18      0.92   3.936 103.251  0.374 8.75
    8      1  1B2   0.0 100.0 12,13,14,15,19      0.92   3.936 103.251 -0.374 8.75
   14      1  2B2  0.01 99.99 12,13,14,15,22      0.72   6.535   2.098   0.19 8.75
   14      2  2B2  0.01 99.99 12,13,14,15,23      0.59   6.535   2.098   0.19 8.75
   15      1  3B2  0.01 99.99 12,13,14,15,23      0.72   6.535   2.098  -0.19 8.75
   15      2  3B2  0.01 99.99 12,13,14,15,22      0.59   6.535   2.098  -0.19 8.75
   18      1  5B1  0.12 99.88 11,12,13,15,18      0.61   7.592  31.846   0.11 8.75
   18      2  5B1  0.12 99.88 11,12,13,14,19      0.61   7.592  31.846   0.11 8.75
   19      1  5B2  0.12 99.88 11,12,13,15,19      0.61   7.592  31.846   0.11 8.75
   19      2  5B2  0.12 99.88 11,12,13,14,18      0.61   7.592  31.846   0.11 8.75
   24      1  6B2 99.42  0.58 10,11,12,14,15      0.93  10.264  55.637  0.537 8.75
   25      1  7B2 99.42  0.58 10,11,13,14,15      0.93  10.264  55.637  0.537 8.75
   33      1  6B1  0.04 99.96 11,13,14,15,17      0.89  11.768  54.758  0.045 8.75
   34      1  7B1  0.04 99.96 11,12,14,15,17      0.89  11.768  54.758 -0.045 8.75
   37      1  8B1  0.28 99.72 11,13,14,15,16      0.66  12.108  98.112  0.037 8.75
   37      2  8B1  0.28 99.72 11,13,14,15,24      0.54  12.108  98.112  0.037 8.75
   38      1  9B1  0.28 99.72 11,12,14,15,16      0.66  12.108  98.112 -0.037 8.75
   38      2  9B1  0.28 99.72 11,12,14,15,24      0.54  12.108  98.112 -0.037 8.75
   42      1 11B1  0.04 99.96 11,12,13,15,22      0.61   12.32  64.047  0.016 8.75
   42      2 11B1  0.04 99.96 11,12,13,14,23      0.61   12.32  64.047  0.016 8.75
   43      1  9B2  0.04 99.96 11,12,13,15,23      0.61   12.32  64.047  0.016 8.75
   43      2  9B2  0.04 99.96 11,12,13,14,22      0.61   12.32  64.047  0.016 8.75
   47      1 11B2   0.0 100.0 11,12,14,15,21      0.55   13.04  62.056  -0.01 8.75
   47      2 11B2   0.0 100.0 11,13,14,15,20      0.55   13.04  62.056  -0.01 8.75
   47      3 11B2   0.0 100.0 11,13,14,15,21      0.41   13.04  62.056  -0.01 8.75
   47      4 11B2   0.0 100.0 11,12,14,15,20      0.41   13.04  62.056  -0.01 8.75
   48      1 13B1   0.0 100.0 11,12,14,15,20      0.55   13.04  62.055   0.01 8.75
   48      2 13B1   0.0 100.0 11,13,14,15,21      0.55   13.04  62.055   0.01 8.75
   48      3 13B1   0.0 100.0 11,12,14,15,21      0.41   13.04  62.055   0.01 8.75
   48      4 13B1   0.0 100.0 11,13,14,15,20      0.41   13.04  62.055   0.01 8.75
   56      1 12B2  0.01 99.99 12,13,14,15,28      0.93  16.372  51.528  -0.18 8.75
   57      1 13B2  0.01 99.99 12,13,14,15,27      0.93  16.372  51.528  -0.18 8.75
   60      1 14B1  0.04 99.96 11,13,14,15,25      0.79  16.827  40.708 -0.058 8.75
   61      1 15B1  0.04 99.96 11,12,14,15,25      0.79  16.827  40.708  0.058 8.75
   64      1 16B1   0.0 100.0 11,13,14,15,26      0.72  19.572 123.914 -0.073 8.75
   64      2 16B1   0.0 100.0 11,13,14,15,25      0.38  19.572 123.914 -0.073 8.75
   65      1 17B1   0.0 100.0 11,12,14,15,26      0.72  19.572 123.914  0.073 8.75
   65      2 17B1   0.0 100.0 11,12,14,15,25      0.38  19.572 123.914  0.073 8.75
   72      1 14B2   0.0 100.0 11,12,13,15,27      0.65  20.481 141.542 -0.007 8.75
   72      2 14B2   0.0 100.0 11,12,13,14,28      0.65  20.481 141.542 -0.007 8.75
   73      1 15B2   0.0 100.0 11,12,13,15,28      0.65  20.481 141.542  0.007 8.75
   73      2 15B2   0.0 100.0 11,12,13,14,27      0.65  20.481 141.542  0.007 8.75
   80      1 22B1   0.0 100.0 11,13,14,15,29      0.51  21.381 116.538 -0.011 8.75
   80      2 22B1   0.0 100.0 11,12,14,15,30      0.51  21.381 116.538 -0.011 8.75
   80      3 22B1   0.0 100.0 11,12,14,15,29      0.45  21.381 116.538 -0.011 8.75
   80      4 22B1   0.0 100.0 11,13,14,15,30      0.45  21.381 116.538 -0.011 8.75
   81      1 23B1   0.0 100.0 11,12,14,15,29      0.51  21.381 116.538  0.011 8.75
   81      2 23B1   0.0 100.0 11,13,14,15,30      0.51  21.381 116.538  0.011 8.75
   81      3 23B1   0.0 100.0 11,12,14,15,30      0.45  21.381 116.538  0.011 8.75
   81      4 23B1   0.0 100.0 11,13,14,15,29      0.45  21.381 116.538  0.011 8.75
   85      1 24B1   0.0 100.0 11,13,14,15,31      0.89  25.034  81.595  0.039 8.75
   86      1 25B1   0.0 100.0 11,12,14,15,31      0.89  25.034  81.595 -0.039 8.75
   87      1 16B2   0.0 100.0 12,13,14,15,33      0.87  39.846 361.508   0.02 8.75
   88      1 17B2   0.0 100.0 12,13,14,15,32      0.87  39.846 361.508  -0.02 8.75
   91      1 26B1   0.0 100.0 11,12,13,15,32      0.64  40.672  92.672  0.049 8.75
   91      2 26B1   0.0 100.0 11,12,13,14,33      0.64  40.672  92.672  0.049 8.75
   92      1 20B2   0.0 100.0 11,12,13,15,33      0.64  40.672  92.672  0.049 8.75
   92      2 20B2   0.0 100.0 11,12,13,14,32      0.64  40.672  92.672  0.049 8.75
  100      1 27B1   0.0 100.0 11,13,14,15,34       0.9  44.037  62.622 -0.025 8.75
  101      1 28B1   0.0 100.0 11,12,14,15,34       0.9  44.037  62.622  0.025 8.75
  102      1 21B2   0.0 100.0 12,13,14,15,36       1.0  51.368  26.587   -0.2 8.75
  103      1 29B1   0.0 100.0 12,13,14,15,35       1.0  51.368  26.587   -0.2 8.75
  107      1 30B1   0.0 100.0 11,13,14,15,37      0.87  53.773 163.284 -0.027 8.75
  108      1 31B1   0.0 100.0 11,12,14,15,37      0.87  53.773 163.284  0.027 8.75
  111      1 24B2   0.0 100.0 11,12,13,15,35      0.63  55.887  21.207  0.017 8.75
  111      2 24B2   0.0 100.0 11,12,13,14,36      0.63  55.887  21.207  0.017 8.75
  111      3 24B2   0.0 100.0 11,12,13,15,36      0.32  55.887  21.207  0.017 8.75
  111      4 24B2   0.0 100.0 11,12,13,14,35      0.32  55.887  21.207  0.017 8.75
  112      1 25B2   0.0 100.0 11,12,13,15,36      0.63  55.887  21.207 -0.017 8.75
  112      2 25B2   0.0 100.0 11,12,13,14,35      0.63  55.887  21.207 -0.017 8.75
  112      3 25B2   0.0 100.0 11,12,13,15,35      0.32  55.887  21.207 -0.017 8.75
  112      4 25B2   0.0 100.0 11,12,13,14,36      0.32  55.887  21.207 -0.017 8.75
  120      1 32B1   0.0 100.0 11,13,14,15,38      0.87  59.616 256.122  0.026 8.75
  121      1 26B2   0.0 100.0 11,12,14,15,38      0.87  59.616 256.122 -0.026 8.75
  127      1 29B2   0.0 100.0 11,12,13,15,39       0.5  61.396 379.069 -0.012 8.75
  127      2 29B2   0.0 100.0 11,12,13,14,40       0.5  61.396 379.069 -0.012 8.75
  127      3 29B2   0.0 100.0 12,13,14,15,39      0.46  61.396 379.069 -0.012 8.75
  127      4 29B2   0.0 100.0 11,12,13,15,40       0.3  61.396 379.069 -0.012 8.75
  127      5 29B2   0.0 100.0 11,12,13,14,39       0.3  61.396 379.069 -0.012 8.75
  127      6 29B2   0.0 100.0 12,13,14,15,40      0.27  61.396 379.069 -0.012 8.75
  128      1 30B2   0.0 100.0 11,12,13,14,39       0.5  61.396 379.068  0.012 8.75
  128      2 30B2   0.0 100.0 11,12,13,15,40       0.5  61.396 379.068  0.012 8.75
  128      3 30B2   0.0 100.0 12,13,14,15,40      0.46  61.396 379.068  0.012 8.75
  128      4 30B2   0.0 100.0 11,12,13,15,39       0.3  61.396 379.068  0.012 8.75
  128      5 30B2   0.0 100.0 11,12,13,14,40       0.3  61.396 379.068  0.012 8.75
  128      6 30B2   0.0 100.0 12,13,14,15,39      0.27  61.396 379.068  0.012 8.75
  132      1 31B2   0.0 100.0 12,13,14,15,40      0.84  62.028 124.845 -0.007 8.75
  133      1 33B1   0.0 100.0 12,13,14,15,39      0.84  62.028 124.844 -0.007 8.75
  139      1 34B2   0.0 100.0 11,12,14,15,41      0.56   62.72 204.323  0.005 8.75
  139      2 34B2   0.0 100.0 11,13,14,15,42      0.56   62.72 204.323  0.005 8.75
  139      3 34B2   0.0 100.0 11,13,14,15,41      0.35   62.72 204.323  0.005 8.75
  139      4 34B2   0.0 100.0 11,12,14,15,42      0.35   62.72 204.323  0.005 8.75
  140      1 35B2   0.0 100.0 11,12,14,15,42      0.56   62.72 204.323  0.005 8.75
  140      2 35B2   0.0 100.0 11,13,14,15,41      0.56   62.72 204.323  0.005 8.75
  140      3 35B2   0.0 100.0 11,13,14,15,42      0.35   62.72 204.323  0.005 8.75
  140      4 35B2   0.0 100.0 11,12,14,15,41      0.35   62.72 204.323  0.005 8.75
  145      1 34B1   0.0 100.0 11,13,14,15,43      0.84  72.617  257.79  0.045 8.75
  146      1 35B1   0.0 100.0 11,12,14,15,43      0.84  72.617  257.79 -0.045 8.75
  150      1 36B1   0.0 100.0 11,13,14,15,44      0.83  82.111   6.557  0.006 8.75
  151      1 37B1   0.0 100.0 11,12,14,15,44      0.83  82.111   6.557 -0.006 8.75
  161      1 38B2   0.0 100.0 11,12,14,15,45      0.48  84.332  10.923 -0.021 8.75
  161      2 38B2   0.0 100.0 11,13,14,15,46      0.48  84.332  10.923 -0.021 8.75
  161      3 38B2   0.0 100.0 11,12,13,15,48      0.46  84.332  10.923 -0.021 8.75
  161      4 38B2   0.0 100.0 11,12,13,14,47      0.46  84.332  10.923 -0.021 8.75
  162      1 39B2   0.0 100.0 11,12,14,15,46      0.48  84.332  10.923  0.021 8.75
  162      2 39B2   0.0 100.0 11,13,14,15,45      0.48  84.332  10.923  0.021 8.75
  162      3 39B2   0.0 100.0 11,12,13,15,47      0.46  84.332  10.923  0.021 8.75
  162      4 39B2   0.0 100.0 11,12,13,14,48      0.46  84.332  10.923  0.021 8.75
  170      1 40B1   0.0 100.0 11,12,13,15,49      0.54  85.385   0.675  -0.04 8.75
  170      2 40B1   0.0 100.0 11,12,13,14,50      0.54  85.385   0.675  -0.04 8.75
  170      3 40B1   0.0 100.0 12,13,14,15,49      0.47  85.385   0.675  -0.04 8.75
  171      1 42B2   0.0 100.0 11,12,13,14,49      0.54  85.385   0.675   0.04 8.75
  171      2 42B2   0.0 100.0 11,12,13,15,50      0.54  85.385   0.675   0.04 8.75
  171      3 42B2   0.0 100.0 12,13,14,15,50      0.47  85.385   0.675   0.04 8.75
  176      1 45B2   0.0 100.0 12,13,14,15,49      0.76  86.481   1.494  0.006 8.75
  177      1 46B2   0.0 100.0 12,13,14,15,50      0.76  86.481   1.494  0.006 8.75
  179      1 47B2   0.0 100.0 11,12,13,15,48      0.44  89.364   8.987  0.269 8.75
  179      2 47B2   0.0 100.0 11,12,13,14,47      0.44  89.364   8.987  0.269 8.75
  179      3 47B2   0.0 100.0 11,12,14,15,45      0.41  89.364   8.987  0.269 8.75
  179      4 47B2   0.0 100.0 11,13,14,15,46      0.41  89.364   8.987  0.269 8.75
  179      5 47B2   0.0 100.0 12,13,14,15,50      0.27  89.364   8.987  0.269 8.75
  180      1 41B1   0.0 100.0 11,12,13,15,47      0.44  89.364   8.987  0.269 8.75
  180      2 41B1   0.0 100.0 11,12,13,14,48      0.44  89.364   8.987  0.269 8.75
  180      3 41B1   0.0 100.0 11,12,14,15,46      0.41  89.364   8.987  0.269 8.75
  180      4 41B1   0.0 100.0 11,13,14,15,45      0.41  89.364   8.987  0.269 8.75
  180      5 41B1   0.0 100.0 12,13,14,15,49      0.27  89.364   8.987  0.269 8.75
  185      1 42B1   0.0 100.0 11,13,14,15,51      0.91 100.026   92.05  0.085 8.75
  186      1 43B1   0.0 100.0 11,12,14,15,51      0.91 100.026   92.05 -0.085 8.75

States multiplicity: 
- 0 Singlet states:  []
- 0 Doublet states:  []
- 0 Triplet states:  []
- 0 Quartet states:  []
- 0 Quintet states:  []
 
------------------------
 IMPROVED ACTIVE SPACE 
------------------------
Initial active space (HOMO = 15 ): [ 5 , 5 ] ; [11, 12, 13, 14, 15]
Final active space (HOMO = 15 ): [ 7 , 42 ] ; [10, 11, 12, 13, 14, 15, 16, 17, 18, 19, 20, 21, 22, 23, 24, 25, 26, 27, 28, 29, 30, 31, 32, 33, 34, 35, 36, 37, 38, 39, 40, 41, 42, 43, 44, 45, 46, 47, 48, 49, 50, 51]
 
--------------------------------
 SUM-OVER-STATE ANALYSIS
--------------------------------
 state     gxx      gyy  gzz
     1   0.000    0.000  0.0
     2 108.212 -179.526  0.0
     3 179.526  108.212  0.0
     4   0.000    0.000 -0.0
     5   0.000   -0.000 -0.0
     6   0.000    0.000 -0.0
     7  -4.862    0.933 -0.0
     8   0.933    4.862  0.0
     9  -0.000    0.000  0.0
    10  -0.000   -0.000  0.0
    11  -0.000    0.000  0.0
    12  -0.000   -0.000 -0.0
    13  -0.000    0.000 -0.0
    14  -0.030    0.025  0.0
    15   0.025    0.030 -0.0
    16  -0.000    0.000  0.0
    17  -0.000    0.000  0.0
    18  -0.230   -0.083  0.0
    19   0.083   -0.230 -0.0
    20  -0.000   -0.000 -0.0
    21  -0.000    0.000 -0.0
    22   0.000   -0.000  0.0
    23   0.000    0.000  0.0
    24  -0.552   -1.445 -0.0
    25  -1.445    0.552  0.0
    26   0.000    0.000 -0.0
    27   0.000   -0.000 -0.0
    28  -0.000   -0.000  0.0
    29   0.000   -0.000 -0.0
    30   0.000    0.000 -0.0
    31   0.000   -0.000  0.0
    32  -0.000   -0.000  0.0
    33  -0.104    0.041  0.0
    34   0.041    0.104  0.0
    35   0.000   -0.000 -0.0
    36  -0.000   -0.000 -0.0
    37  -0.150    0.041 -0.0
    38   0.041    0.150 -0.0
    39   0.000    0.000  0.0
    40  -0.000    0.000  0.0
    41  -0.000    0.000 -0.0
    42  -0.041    0.011  0.0
    43  -0.011   -0.041  0.0
    44   0.000    0.000 -0.0
    45  -0.000    0.000 -0.0
    46   0.000   -0.000 -0.0
    47  -0.018    0.024  0.0
    48  -0.024   -0.018  0.0
    49   0.000    0.000 -0.0
    50   0.000   -0.000  0.0
    51   0.000    0.000 -0.0
    52   0.000    0.000 -0.0
    53  -0.000   -0.000  0.0
    54  -0.000   -0.000 -0.0
    55   0.000    0.000 -0.0
    56   0.096    0.281 -0.0
    57   0.281   -0.096 -0.0
    58  -0.000    0.000  0.0
    59  -0.000   -0.000 -0.0
    60   0.070   -0.031  0.0
    61  -0.031   -0.070  0.0
    62  -0.000   -0.000 -0.0
    63  -0.000    0.000 -0.0
    64   0.229   -0.111  0.0
    65  -0.111   -0.229  0.0
    66   0.000    0.000  0.0
    67   0.000   -0.000 -0.0
    68  -0.000   -0.000 -0.0
    69   0.000    0.000 -0.0
    70  -0.000   -0.000  0.0
    71  -0.000    0.000 -0.0
    72   0.025   -0.008 -0.0
    73  -0.008   -0.025  0.0
    74   0.000    0.000  0.0
    75  -0.000   -0.000 -0.0
    76  -0.000    0.000 -0.0
    77  -0.000   -0.000  0.0
    78  -0.000    0.000 -0.0
    79   0.000   -0.000  0.0
    80   0.025    0.029 -0.0
    81  -0.029    0.025  0.0
    82   0.000    0.000 -0.0
    83  -0.000   -0.000 -0.0
    84   0.000    0.000 -0.0
    85  -0.064    0.027  0.0
    86   0.027    0.064  0.0
    87  -0.041   -0.089  0.0
    88   0.089   -0.041 -0.0
    89   0.000   -0.000  0.0
    90   0.000    0.000 -0.0
    91  -0.055    0.020  0.0
    92  -0.020   -0.055  0.0
    93   0.000    0.000 -0.0
    94  -0.000   -0.000 -0.0
    95  -0.000    0.000 -0.0
    96  -0.000    0.000 -0.0
    97  -0.000   -0.000  0.0
    98  -0.000   -0.000 -0.0
    99  -0.000    0.000 -0.0
   100   0.017   -0.007  0.0
   101  -0.007   -0.017  0.0
   102   0.003    0.051  0.0
   103   0.051   -0.003 -0.0
   104  -0.000   -0.000  0.0
   105  -0.000   -0.000 -0.0
   106  -0.000    0.000  0.0
   107   0.040   -0.017 -0.0
   108  -0.017   -0.040 -0.0
   109  -0.000    0.000  0.0
   110   0.000    0.000 -0.0
   111  -0.003    0.002  0.0
   112   0.002    0.003  0.0
   113  -0.000   -0.000 -0.0
   114  -0.000    0.000 -0.0
   115   0.000   -0.000  0.0
   116   0.000    0.000 -0.0
   117   0.000    0.000  0.0
   118   0.000   -0.000  0.0
   119   0.000    0.000 -0.0
   120  -0.056    0.022 -0.0
   121   0.022    0.056 -0.0
   122  -0.000    0.000 -0.0
   123  -0.000   -0.000 -0.0
   124   0.000   -0.000 -0.0
   125  -0.000    0.000  0.0
   126  -0.000   -0.000  0.0
   127   0.036    0.022 -0.0
   128   0.022   -0.036 -0.0
   129   0.000    0.000 -0.0
   130  -0.000    0.000 -0.0
   131   0.000   -0.000 -0.0
   132  -0.000    0.007  0.0
   133   0.007    0.000 -0.0
   134   0.000   -0.000  0.0
   135  -0.000   -0.000 -0.0
   136  -0.000   -0.000  0.0
   137  -0.000    0.000 -0.0
   138  -0.000    0.000  0.0
   139   0.005   -0.008 -0.0
   140  -0.008   -0.005  0.0
   141  -0.000   -0.000  0.0
   142   0.000    0.000  0.0
   143   0.000    0.000 -0.0
   144   0.000   -0.000 -0.0
   145  -0.079    0.033  0.0
   146   0.033    0.079 -0.0
   147  -0.000    0.000 -0.0
   148   0.000    0.000  0.0
   149  -0.000   -0.000 -0.0
   150  -0.000    0.000 -0.0
   151   0.000    0.000 -0.0
   152   0.000   -0.000 -0.0
   153   0.000    0.000  0.0
   154   0.000    0.000 -0.0
   155   0.000   -0.000 -0.0
   156   0.000   -0.000 -0.0
   157  -0.000   -0.000  0.0
   158   0.000   -0.000  0.0
   159  -0.000    0.000 -0.0
   160  -0.000   -0.000  0.0
   161   0.000    0.001 -0.0
   162  -0.001    0.000 -0.0
   163  -0.000    0.000  0.0
   164  -0.000   -0.000  0.0
   165  -0.000   -0.000  0.0
   166   0.000   -0.000 -0.0
   167   0.000    0.000 -0.0
   168  -0.000   -0.000  0.0
   169  -0.000    0.000 -0.0
   170   0.000   -0.000  0.0
   171  -0.000   -0.000 -0.0
   172  -0.000    0.000  0.0
   173  -0.000   -0.000  0.0
   174   0.000    0.000 -0.0
   175   0.000   -0.000  0.0
   176  -0.000    0.000  0.0
   177  -0.000   -0.000  0.0
   178  -0.000    0.000 -0.0
   179  -0.004   -0.013 -0.0
   180  -0.013    0.004  0.0
   181  -0.000    0.000 -0.0
   182   0.000    0.000  0.0
   183   0.000    0.000 -0.0
   184   0.000   -0.000 -0.0
   185  -0.039    0.016  0.0
   186   0.016    0.039  0.0

