--------------------------------------
     INPUT SECTION
--------------------------------------
File selected:  mnbr_6_6.out
Number of states selected:  200
Selected states selected:  [1, 2, 3, 4, 5, 6, 7, 8, 9, 10, 11, 12, 13, 14, 15, 16, 17, 18, 19, 20, 21, 22, 23, 24, 25, 26, 27, 28, 29, 30, 31, 32, 33, 34, 35, 36, 37, 38, 39, 40, 41, 42, 43, 44, 45, 46, 47, 48, 49, 50, 51, 52, 53, 54, 55, 56, 57, 58, 59, 60, 61, 62, 63, 64, 65, 66, 67, 68, 69, 70, 71, 72, 73, 74, 75, 76, 77, 78, 79, 80, 81, 82, 83, 84, 85, 86, 87, 88, 89, 90, 91, 92, 93, 94, 95, 96, 97, 98, 99, 100, 101, 102, 103, 104, 105, 106, 107, 108, 109, 110, 111, 112, 113, 114, 115, 116, 117, 118, 119, 120, 121, 122, 123, 124, 125, 126, 127, 128, 129, 130, 131, 132, 133, 134, 135, 136, 137, 138, 139, 140, 141, 142, 143, 144, 145, 146, 147, 148, 149, 150, 151, 152, 153, 154, 155, 156, 157, 158, 159, 160, 161, 162, 163, 164, 165, 166, 167, 168, 169, 170, 171, 172, 173, 174, 175, 176, 177, 178, 179, 180, 181, 182, 183, 184, 185, 186, 187, 188, 189, 190, 191, 192, 193, 194, 195, 196, 197, 198, 199, 200]
 
------------------------
 RAS-CI RESULTS
------------------------
g-factor (x y z dimensions):
-1.053 -1.053 -0.003

------------------------
 EXCITED STATES ANALYSIS
------------------------
Configurations cut-off: 0.5
state config  sym  hole  part       unpairedorb amplitude      e    socc     lk   s2
    1      1  1A1   0.0   0.0 28,29,30,31,32,33       1.0    0.0     0.0    0.0 12.0
    2      1  1B2  0.16 99.84 28,29,30,31,32,35      0.96  4.234 226.291 -0.838 12.0
    3      1  1B1  0.16 99.84 28,29,30,31,32,34      0.96  4.234 226.291 -0.838 12.0
    6      1  2B2 99.88  0.12 27,28,29,30,31,32      0.89  7.552 311.797  0.115 12.0
    7      1  2B1 99.88  0.12 26,28,29,30,31,32      0.89  7.552 311.797 -0.115 12.0
   11      1  3B1  0.01 99.99 28,29,30,31,32,40      0.95  9.304 140.139  0.126 12.0
   12      1  3B2  0.01 99.99 28,29,30,31,32,41      0.95  9.304 140.139  0.126 12.0
   13      1  4B2  0.09 99.91 28,29,30,31,33,35      0.94 10.915  40.935 -0.336 12.0
   14      1  4B1  0.09 99.91 28,29,30,31,33,34      0.94 10.915  40.935 -0.336 12.0
   22      1  5B1  0.29 99.71 29,30,31,32,33,34      0.69 11.529  36.415 -0.622 12.0
   22      2  5B1  0.29 99.71 28,30,31,32,33,35      0.69 11.529  36.415 -0.622 12.0
   23      1  7B2  0.29 99.71 28,30,31,32,33,34      0.69 11.529  36.415 -0.622 12.0
   23      2  7B2  0.29 99.71 29,30,31,32,33,35      0.69 11.529  36.415 -0.622 12.0
   26      1  8B2  98.8   1.2 25,28,29,30,32,33      0.96 13.145 183.305 -0.561 12.0
   27      1  6B1  98.8   1.2 25,28,29,31,32,33      0.96 13.145 183.305 -0.561 12.0
   31      1  9B2 99.84  0.16 26,28,30,31,32,33      0.69 13.353   9.813 -0.146 12.0
   31      2  9B2 99.84  0.16 27,29,30,31,32,33      0.69 13.353   9.813 -0.146 12.0
   32      1  9B1 99.84  0.16 26,29,30,31,32,33      0.69 13.353   9.813  0.146 12.0
   32      2  9B1 99.84  0.16 27,28,30,31,32,33      0.69 13.353   9.813  0.146 12.0
   36      1 10B2 99.85  0.15 27,28,29,30,31,33      0.89 13.534 250.073 -0.243 12.0
   37      1 10B1 99.85  0.15 26,28,29,30,31,33      0.89 13.534 250.073  0.243 12.0
   39      1 11B2  1.05 98.95 28,29,30,32,33,37      0.87 14.101 114.642 -0.316 12.0
   40      1 11B1  1.05 98.95 28,29,31,32,33,37      0.87 14.101 114.642  0.316 12.0
   44      1 12B1  0.02 99.98 28,29,30,31,32,43      0.95  15.26 185.637  -0.01 12.0
   45      1 12B2  0.02 99.98 28,29,30,31,32,44      0.95  15.26 185.637  -0.01 12.0
   47      1 13B2  0.05 99.95 28,29,30,32,33,36      0.92 15.615  21.136 -0.055 12.0
   48      1 13B1  0.05 99.95 28,29,31,32,33,36      0.92 15.615  21.136  0.055 12.0
   56      1 15B1   0.0 100.0 28,29,31,32,33,38      0.69 17.189  135.26  0.008 12.0
   56      2 15B1   0.0 100.0 28,29,30,32,33,39      0.69 17.189  135.26  0.008 12.0
   57      1 15B2   0.0 100.0 28,29,31,32,33,39      0.69 17.189  135.26 -0.008 12.0
   57      2 15B2   0.0 100.0 28,29,30,32,33,38      0.69 17.189  135.26 -0.008 12.0
   64      1 16B2  0.01 99.99 28,29,30,31,33,41      0.92 17.734 210.781 -0.107 12.0
   65      1 16B1  0.01 99.99 28,29,30,31,33,40      0.92 17.734 210.781 -0.107 12.0
   72      1 17B1  0.01 99.99 28,30,31,32,33,41      0.68 18.475  85.965 -0.139 12.0
   72      2 17B1  0.01 99.99 29,30,31,32,33,40      0.68 18.475  85.965 -0.139 12.0
   73      1 19B2  0.01 99.99 29,30,31,32,33,41      0.68 18.475  85.965  0.139 12.0
   73      2 19B2  0.01 99.99 28,30,31,32,33,40      0.68 18.475  85.965  0.139 12.0
   75      1 18B1  0.02 99.98 28,29,30,31,32,49      0.95 19.188  61.239  0.267 12.0
   76      1 20B2  0.02 99.98 28,29,30,31,32,50      0.95 19.188  61.239  0.267 12.0
   78      1 21B2  0.02 99.98 28,29,30,32,33,42      0.87 20.019  85.703 -0.368 12.0
   79      1 19B1  0.02 99.98 28,29,31,32,33,42      0.87 20.019  85.703  0.368 12.0
   83      1 20B1   0.0 100.0 28,29,30,31,33,43      0.94 23.995  36.722 -0.152 12.0
   84      1 22B2   0.0 100.0 28,29,30,31,33,44      0.94 23.995  36.722 -0.152 12.0
   90      1 23B2   0.0 100.0 28,29,30,32,33,45      0.87 24.626  15.882 -0.295 12.0
   91      1 21B1   0.0 100.0 28,29,31,32,33,45      0.87 24.626  15.882  0.295 12.0
   94      1 23B1   0.0 100.0 28,30,31,32,33,44       0.7  24.74  41.208  0.027 12.0
   94      2 23B1   0.0 100.0 29,30,31,32,33,43       0.7  24.74  41.208  0.027 12.0
   95      1 25B2   0.0 100.0 29,30,31,32,33,44       0.7  24.74  41.208 -0.027 12.0
   95      2 25B2   0.0 100.0 28,30,31,32,33,43       0.7  24.74  41.208 -0.027 12.0
  105      1 24B1  0.01 99.99 28,29,31,32,33,46      0.71 26.564  11.497 -0.284 12.0
  105      2 24B1  0.01 99.99 28,29,30,32,33,47      0.71 26.564  11.497 -0.284 12.0
  106      1 28B2  0.01 99.99 28,29,31,32,33,47      0.71 26.564  11.497  0.284 12.0
  106      2 28B2  0.01 99.99 28,29,30,32,33,46      0.71 26.564  11.497  0.284 12.0
  107      1 29B2   0.0 100.0 28,29,30,32,33,48      0.95  26.74 136.105 -0.029 12.0
  108      1 25B1   0.0 100.0 28,29,31,32,33,48      0.95  26.74 136.105  0.029 12.0
  113      1 26B1  0.03 99.97 28,29,30,31,32,53      0.92 27.029 113.969   -0.1 12.0
  114      1 30B2  0.03 99.97 28,29,30,31,32,54      0.92 27.029 113.969   -0.1 12.0
  117      1 27B1  0.02 99.98 28,29,30,31,33,49      0.85 27.383 132.266 -0.421 12.0
  118      1 31B2  0.02 99.98 28,29,30,31,33,50      0.85 27.383 132.266 -0.421 12.0
  126      1 29B1   0.0 100.0 28,30,31,32,33,50      0.68 28.106  85.532 -0.222 12.0
  126      2 29B1   0.0 100.0 29,30,31,32,33,49      0.68 28.106  85.532 -0.222 12.0
  127      1 33B2   0.0 100.0 29,30,31,32,33,50      0.68 28.106  85.532  0.222 12.0
  127      2 33B2   0.0 100.0 28,30,31,32,33,49      0.68 28.106  85.532  0.222 12.0
  130      1 34B2 99.98  0.02 24,28,29,30,32,33      0.99 28.467   3.739 -0.069 12.0
  131      1 30B1 99.98  0.02 24,28,29,31,32,33      0.99 28.467   3.739 -0.069 12.0
  140      1 31B1   0.0 100.0 28,29,31,32,33,51      0.69 31.827 278.948  0.033 12.0
  140      2 31B1   0.0 100.0 28,29,30,32,33,52      0.69 31.827 278.948  0.033 12.0
  141      1 37B2   0.0 100.0 28,29,31,32,33,52      0.69 31.827 278.948 -0.033 12.0
  141      2 37B2   0.0 100.0 28,29,30,32,33,51      0.69 31.827 278.948 -0.033 12.0
  143      1 32B1  0.01 99.99 28,29,30,31,33,53      0.87 33.014 270.607 -0.206 12.0
  144      1 38B2  0.01 99.99 28,29,30,31,33,54      0.87 33.014 270.607 -0.206 12.0
  149      1 39B2  0.01 99.99 28,29,30,32,33,55      0.85 33.794 313.513 -0.126 12.0
  150      1 33B1  0.01 99.99 28,29,31,32,33,55      0.85 33.794 313.513  0.126 12.0
  153      1 34B1   0.0 100.0 28,30,31,32,33,54       0.6 34.011   1.964 -0.001 12.0
  153      2 34B1   0.0 100.0 29,30,31,32,33,53       0.6 34.011   1.964 -0.001 12.0
  153      3 34B1   0.0 100.0 28,29,31,32,33,55      0.34 34.011   1.964 -0.001 12.0
  154      1 42B2   0.0 100.0 29,30,31,32,33,54       0.6 34.011   1.964  0.001 12.0
  154      2 42B2   0.0 100.0 28,30,31,32,33,53       0.6 34.011   1.964  0.001 12.0
  154      3 42B2   0.0 100.0 28,29,30,32,33,55      0.34 34.011   1.964  0.001 12.0
  160      1 43B2  0.15 99.85 28,29,30,32,33,56      0.94 44.533  90.774  0.163 12.0
  161      1 35B1  0.15 99.85 28,29,31,32,33,56      0.94 44.533  90.774 -0.163 12.0
  165      1 36B1  3.16 96.84 28,29,30,31,32,63      0.81 45.935 592.536  1.087 12.0
  165      2 36B1  3.16 96.84 28,29,30,31,32,60      0.49 45.935 592.536  1.087 12.0
  166      1 44B2  3.16 96.84 28,29,30,31,32,64      0.81 45.935 592.536  1.087 12.0
  166      2 44B2  3.16 96.84 28,29,30,31,32,61      0.49 45.935 592.536  1.087 12.0
  171      1 38B1 99.31  0.69 23,28,29,31,32,33      0.76 47.389  32.114   0.08 12.0
  171      2 38B1 99.31  0.69 21,28,29,30,31,33      0.54 47.389  32.114   0.08 12.0
  172      1 46B2 99.31  0.69 23,28,29,30,32,33      0.76 47.389  32.114   0.08 12.0
  172      2 46B2 99.31  0.69 22,28,29,30,31,33      0.54 47.389  32.114   0.08 12.0
  176      1 39B1  1.35 98.65 28,29,30,31,33,63      0.76 48.429  49.233 -0.324 12.0
  177      1 47B2  1.35 98.65 28,29,30,31,33,64      0.76 48.429  49.233 -0.324 12.0
  185      1 49B2 93.36  6.64 22,28,29,30,31,33       0.7 48.752  98.881  0.176 12.0
  185      2 49B2 93.36  6.64 21,28,30,31,32,33      0.41 48.752  98.881  0.176 12.0
  185      3 49B2 93.36  6.64 22,29,30,31,32,33      0.41 48.752  98.881  0.176 12.0
  186      1 41B1 93.36  6.64 21,28,29,30,31,33       0.7 48.752  98.881 -0.176 12.0
  186      2 41B1 93.36  6.64 21,29,30,31,32,33      0.41 48.752  98.881 -0.176 12.0
  186      3 41B1 93.36  6.64 22,28,30,31,32,33      0.41 48.752  98.881 -0.176 12.0
  188      1 50B2  8.89 91.11 28,29,30,32,33,59      0.59 49.085  14.696 -1.136 12.0
  188      2 50B2  8.89 91.11 29,30,31,32,33,64      0.42 49.085  14.696 -1.136 12.0
  188      3 50B2  8.89 91.11 28,30,31,32,33,63      0.42 49.085  14.696 -1.136 12.0
  189      1 42B1  8.89 91.11 28,29,31,32,33,59      0.59 49.085  14.696 -1.136 12.0
  189      2 42B1  8.89 91.11 28,30,31,32,33,64      0.42 49.085  14.696 -1.136 12.0
  189      3 42B1  8.89 91.11 29,30,31,32,33,63      0.42 49.085  14.696 -1.136 12.0
  192      1 43B1   0.6  99.4 28,29,30,31,32,60      0.78 49.526 239.207  0.246 12.0
  192      2 43B1   0.6  99.4 28,29,30,31,32,63      0.48 49.526 239.207  0.246 12.0
  193      1 51B2   0.6  99.4 28,29,30,31,32,61      0.78 49.526 239.207  0.246 12.0
  193      2 51B2   0.6  99.4 28,29,30,31,32,64      0.48 49.526 239.207  0.246 12.0
  195      1 52B2  0.03 99.97 28,29,30,32,33,59      0.58 49.604  89.672 -0.224 12.0
  195      2 52B2  0.03 99.97 28,29,30,31,33,64      0.42 49.604  89.672 -0.224 12.0
  195      3 52B2  0.03 99.97 28,30,31,32,33,63      0.35 49.604  89.672 -0.224 12.0
  195      4 52B2  0.03 99.97 29,30,31,32,33,64      0.35 49.604  89.672 -0.224 12.0
  196      1 44B1  0.03 99.97 28,29,31,32,33,59      0.58 49.604  89.672 -0.224 12.0
  196      2 44B1  0.03 99.97 28,29,30,31,33,63      0.42 49.604  89.672 -0.224 12.0
  196      3 44B1  0.03 99.97 29,30,31,32,33,63      0.35 49.604  89.672 -0.224 12.0
  196      4 44B1  0.03 99.97 28,30,31,32,33,64      0.35 49.604  89.672 -0.224 12.0
  199      1 53B2 90.73  9.27 23,28,29,30,32,33      0.52   52.0   58.36 -1.983 12.0
  199      2 53B2 90.73  9.27 22,29,30,31,32,33       0.5   52.0   58.36 -1.983 12.0
  199      3 53B2 90.73  9.27 21,28,30,31,32,33       0.5   52.0   58.36 -1.983 12.0
  199      4 53B2 90.73  9.27 22,28,29,30,31,33      0.34   52.0   58.36 -1.983 12.0
  200      1 45B1 90.73  9.27 23,28,29,31,32,33      0.52   52.0   58.36 -1.983 12.0
  200      2 45B1 90.73  9.27 22,28,30,31,32,33       0.5   52.0   58.36 -1.983 12.0
  200      3 45B1 90.73  9.27 21,29,30,31,32,33       0.5   52.0   58.36 -1.983 12.0
  200      4 45B1 90.73  9.27 21,28,29,30,31,33      0.34   52.0   58.36 -1.983 12.0

States multiplicity: 
- 0 Singlet states:  []
- 0 Doublet states:  []
- 0 Triplet states:  []
- 0 Quartet states:  []
- 0 Quintet states:  []
 
------------------------
 IMPROVED ACTIVE SPACE 
------------------------
Initial active space (HOMO = 33 ): [ 6 , 6 ] ; [28, 29, 30, 31, 32, 33]
Final active space (HOMO = 33 ): [ 20 , 41 ] ; [21, 22, 23, 24, 25, 26, 27, 28, 29, 30, 31, 32, 33, 34, 35, 36, 37, 38, 39, 40, 41, 42, 43, 44, 45, 46, 47, 48, 49, 50, 51, 52, 53, 54, 55, 56, 59, 60, 61, 63, 64]
 
--------------------------------
 SUM-OVER-STATE ANALYSIS
--------------------------------
 state    gxx    gyy  gzz
     1  0.000  0.000  0.0
     2 -0.009 22.220 -0.0
     3 22.220  0.009 -0.0
     4 -0.000 -0.000  0.0
     5  0.000 -0.000 -0.0
     6 -0.000 -2.353 -0.0
     7  2.353 -0.000 -0.0
     8 -0.000  0.000 -0.0
     9  0.000  0.000  0.0
    10 -0.000  0.000  0.0
    11 -0.939 -0.000 -0.0
    12  0.000 -0.939  0.0
    13 -0.000  0.626 -0.0
    14  0.626  0.000 -0.0
    15 -0.000  0.000  0.0
    16  0.000 -0.000 -0.0
    17  0.000 -0.000 -0.0
    18  0.000 -0.000  0.0
    19 -0.000 -0.000  0.0
    20 -0.000  0.000 -0.0
    21 -0.000  0.000 -0.0
    22  0.975 -0.000  0.0
    23  0.000  0.975  0.0
    24  0.000  0.000 -0.0
    25 -0.000 -0.000  0.0
    26  0.002  3.881  0.0
    27  3.881 -0.002  0.0
    28  0.000 -0.000 -0.0
    29 -0.000 -0.000  0.0
    30 -0.000  0.000 -0.0
    31 -0.001  0.053  0.0
    32 -0.053 -0.001 -0.0
    33 -0.000 -0.000 -0.0
    34  0.000 -0.000 -0.0
    35  0.000 -0.000  0.0
    36  0.000  2.224  0.0
    37 -2.224  0.000  0.0
    38  0.000  0.000  0.0
    39  0.000  1.273 -0.0
    40 -1.273  0.000 -0.0
    41  0.000  0.000  0.0
    42  0.000 -0.000  0.0
    43 -0.000  0.000 -0.0
    44  0.063  0.000 -0.0
    45 -0.000  0.063 -0.0
    46  0.000 -0.000  0.0
    47  0.000  0.037 -0.0
    48 -0.037  0.000 -0.0
    49 -0.000  0.000  0.0
    50  0.000 -0.000 -0.0
    51 -0.000  0.000  0.0
    52  0.000  0.000 -0.0
    53  0.000  0.000 -0.0
    54 -0.000  0.000 -0.0
    55 -0.000 -0.000 -0.0
    56 -0.031  0.000 -0.0
    57  0.000  0.031 -0.0
    58  0.000 -0.000  0.0
    59 -0.000 -0.000  0.0
    60  0.000 -0.000  0.0
    61  0.000 -0.000 -0.0
    62 -0.000  0.000 -0.0
    63 -0.000  0.000 -0.0
    64  0.000  0.629  0.0
    65  0.629 -0.000 -0.0
    66 -0.000  0.000 -0.0
    67 -0.000  0.000 -0.0
    68 -0.000  0.000  0.0
    69 -0.000  0.000 -0.0
    70  0.000 -0.000  0.0
    71  0.000  0.000  0.0
    72  0.320 -0.000 -0.0
    73 -0.000 -0.320 -0.0
    74 -0.000 -0.000 -0.0
    75 -0.423 -0.000 -0.0
    76  0.000 -0.423  0.0
    77 -0.000 -0.000 -0.0
    78  0.000  0.782 -0.0
    79 -0.782  0.000 -0.0
    80  0.000  0.000  0.0
    81 -0.000  0.000 -0.0
    82  0.000  0.000  0.0
    83  0.116 -0.000  0.0
    84  0.000  0.116  0.0
    85  0.000 -0.000 -0.0
    86  0.000 -0.000  0.0
    87  0.000  0.000  0.0
    88  0.000  0.000 -0.0
    89 -0.000  0.000  0.0
    90  0.000  0.094 -0.0
    91 -0.094  0.000 -0.0
    92 -0.000 -0.000 -0.0
    93  0.000 -0.000  0.0
    94 -0.022  0.000 -0.0
    95  0.000  0.022 -0.0
    96  0.000 -0.000  0.0
    97 -0.000  0.000 -0.0
    98  0.000  0.000  0.0
    99 -0.000  0.000  0.0
   100 -0.000 -0.000  0.0
   101  0.000  0.000  0.0
   102  0.000 -0.000  0.0
   103  0.000 -0.000  0.0
   104  0.000  0.000  0.0
   105  0.061  0.000  0.0
   106  0.000 -0.061 -0.0
   107 -0.000  0.072  0.0
   108 -0.072 -0.000  0.0
   109  0.000  0.000 -0.0
   110 -0.000  0.000  0.0
   111 -0.000 -0.000  0.0
   112  0.000 -0.000 -0.0
   113  0.209 -0.000 -0.0
   114  0.000  0.209  0.0
   115 -0.000  0.000 -0.0
   116 -0.000 -0.000  0.0
   117  1.009 -0.000 -0.0
   118  0.000  1.009 -0.0
   119  0.000 -0.000 -0.0
   120 -0.000  0.000 -0.0
   121  0.000  0.000 -0.0
   122 -0.000  0.000  0.0
   123  0.000  0.000  0.0
   124  0.000  0.000 -0.0
   125 -0.000  0.000 -0.0
   126  0.336 -0.000  0.0
   127 -0.000 -0.336 -0.0
   128 -0.000  0.000  0.0
   129  0.000  0.000  0.0
   130  0.000  0.004  0.0
   131  0.004 -0.000 -0.0
   132  0.000  0.000 -0.0
   133 -0.000 -0.000  0.0
   134  0.000 -0.000  0.0
   135  0.000  0.000  0.0
   136  0.000  0.000 -0.0
   137  0.000  0.000 -0.0
   138 -0.000 -0.000 -0.0
   139 -0.000  0.000 -0.0
   140 -0.145  0.000  0.0
   141  0.000  0.145  0.0
   142  0.000 -0.000 -0.0
   143  0.839  0.000  0.0
   144 -0.000  0.839 -0.0
   145 -0.000  0.000 -0.0
   146 -0.000  0.000 -0.0
   147  0.000  0.000 -0.0
   148 -0.000  0.000  0.0
   149  0.000  0.578  0.0
   150 -0.578  0.000  0.0
   151 -0.000 -0.000  0.0
   152 -0.000  0.000  0.0
   153  0.000 -0.000 -0.0
   154 -0.000 -0.000  0.0
   155  0.000  0.000  0.0
   156  0.000  0.000 -0.0
   157 -0.000  0.000  0.0
   158 -0.000  0.000 -0.0
   159  0.000  0.000 -0.0
   160  0.000 -0.165 -0.0
   161  0.165  0.000  0.0
   162 -0.000 -0.000 -0.0
   163 -0.000 -0.000  0.0
   164 -0.000 -0.000  0.0
   165 -6.955  0.001  0.0
   166 -0.001 -6.955  0.0
   167  0.000 -0.000 -0.0
   168  0.000  0.000 -0.0
   169  0.000  0.000 -0.0
   170  0.000  0.000 -0.0
   171 -0.027  0.000  0.0
   172 -0.000 -0.027 -0.0
   173  0.000 -0.000  0.0
   174 -0.000  0.000 -0.0
   175  0.000  0.000 -0.0
   176  0.163  0.000  0.0
   177 -0.000  0.163  0.0
   178  0.000  0.000 -0.0
   179 -0.000 -0.000  0.0
   180  0.000  0.000  0.0
   181 -0.000 -0.000  0.0
   182 -0.000  0.000 -0.0
   183 -0.000 -0.000 -0.0
   184 -0.000  0.000  0.0
   185  0.000 -0.177 -0.0
   186  0.177  0.000 -0.0
   187 -0.000 -0.000  0.0
   188 -0.000  0.169  0.0
   189  0.169  0.000  0.0
   190  0.000  0.000  0.0
   191  0.000 -0.000  0.0
   192 -0.590  0.000  0.0
   193 -0.000 -0.590  0.0
   194 -0.000  0.000 -0.0
   195  0.000  0.201  0.0
   196  0.201 -0.000  0.0
   197 -0.000 -0.000  0.0
   198  0.000  0.000 -0.0
   199 -0.000  1.104  0.0
   200  1.104  0.000 -0.0

