--------------------------------------
     INPUT SECTION
--------------------------------------
File selected:  mncl_6_6.out
Number of states selected:  200
Selected states selected:  [1, 2, 3, 4, 5, 6, 7, 8, 9, 10, 11, 12, 13, 14, 15, 16, 17, 18, 19, 20, 21, 22, 23, 24, 25, 26, 27, 28, 29, 30, 31, 32, 33, 34, 35, 36, 37, 38, 39, 40, 41, 42, 43, 44, 45, 46, 47, 48, 49, 50, 51, 52, 53, 54, 55, 56, 57, 58, 59, 60, 61, 62, 63, 64, 65, 66, 67, 68, 69, 70, 71, 72, 73, 74, 75, 76, 77, 78, 79, 80, 81, 82, 83, 84, 85, 86, 87, 88, 89, 90, 91, 92, 93, 94, 95, 96, 97, 98, 99, 100, 101, 102, 103, 104, 105, 106, 107, 108, 109, 110, 111, 112, 113, 114, 115, 116, 117, 118, 119, 120, 121, 122, 123, 124, 125, 126, 127, 128, 129, 130, 131, 132, 133, 134, 135, 136, 137, 138, 139, 140, 141, 142, 143, 144, 145, 146, 147, 148, 149, 150, 151, 152, 153, 154, 155, 156, 157, 158, 159, 160, 161, 162, 163, 164, 165, 166, 167, 168, 169, 170, 171, 172, 173, 174, 175, 176, 177, 178, 179, 180, 181, 182, 183, 184, 185, 186, 187, 188, 189, 190, 191, 192, 193, 194, 195, 196, 197, 198, 199, 200]
 
------------------------
 RAS-CI RESULTS
------------------------
g-factor (x y z dimensions):
-0.969 -0.969 -0.001

------------------------
 EXCITED STATES ANALYSIS
------------------------
Configurations cut-off: 0.5
state config  sym  hole  part       unpairedorb amplitude      e    socc     lk   s2
    1      1  1A1   0.0   0.0 19,20,21,22,23,24       1.0    0.0     0.0    0.0 12.0
    2      1  1B2  0.07 99.93 19,20,21,22,23,26      0.95   4.36 166.545 -0.753 12.0
    3      1  1B1  0.07 99.93 19,20,21,22,23,25      0.95   4.36 166.545 -0.753 12.0
    6      1  2B2 99.84  0.16 18,19,20,21,22,23      0.86    8.3  44.729  0.129 12.0
    6      2  2B2 99.84  0.16 18,19,20,22,23,24      0.51    8.3  44.729  0.129 12.0
    7      1  2B1 99.84  0.16 17,19,20,21,22,23      0.86    8.3  44.729 -0.129 12.0
    7      2  2B1 99.84  0.16 17,19,20,22,23,24      0.51    8.3  44.729 -0.129 12.0
   11      1  3B1  0.04 99.96 19,20,21,22,23,31      0.93   9.44  80.082  0.014 12.0
   12      1  3B2  0.04 99.96 19,20,21,22,23,32      0.93   9.44  80.082  0.014 12.0
   13      1  4B2  0.08 99.92 19,20,22,23,24,26      0.93 10.758  17.541 -0.195 12.0
   14      1  4B1  0.08 99.92 19,20,22,23,24,25      0.93 10.758  17.541 -0.195 12.0
   21      1  5B1  0.16 99.84 20,21,22,23,24,25      0.69 11.474  45.554 -0.427 12.0
   21      2  5B1  0.16 99.84 19,21,22,23,24,26      0.69 11.474  45.554 -0.427 12.0
   22      1  7B2  0.16 99.84 19,21,22,23,24,25      0.69 11.474  45.554 -0.427 12.0
   22      2  7B2  0.16 99.84 20,21,22,23,24,26      0.69 11.474  45.554 -0.427 12.0
   24      1  8B2 83.69 16.31 16,19,20,21,22,24      0.84  13.84  20.276 -0.585 12.0
   25      1  6B1 83.69 16.31 16,19,20,21,23,24      0.84  13.84  20.276 -0.585 12.0
   31      1 10B2 99.82  0.18 17,19,21,22,23,24      0.64  13.99   7.202 -0.035 12.0
   31      2 10B2 99.82  0.18 18,20,21,22,23,24      0.64  13.99   7.202 -0.035 12.0
   31      3 10B2 99.82  0.18 16,19,20,21,22,24      0.39  13.99   7.202 -0.035 12.0
   32      1  8B1 99.82  0.18 17,20,21,22,23,24      0.64  13.99   7.202  0.035 12.0
   32      2  8B1 99.82  0.18 18,19,21,22,23,24      0.64  13.99   7.202  0.035 12.0
   32      3  8B1 99.82  0.18 16,19,20,21,23,24      0.39  13.99   7.202  0.035 12.0
   33      1 11B2 17.66 82.34 19,20,21,22,24,28      0.73 14.065 155.498  0.088 12.0
   33      2 11B2 17.66 82.34 19,20,21,22,24,27      0.45 14.065 155.498  0.088 12.0
   34      1  9B1 17.66 82.34 19,20,21,23,24,28      0.73 14.065 155.498 -0.088 12.0
   34      2  9B1 17.66 82.34 19,20,21,23,24,27      0.45 14.065 155.498 -0.088 12.0
   39      1 12B2 98.46  1.54 18,19,20,22,23,24      0.84 14.206 102.851  -0.23 12.0
   39      2 12B2 98.46  1.54 18,19,20,21,22,23       0.5 14.206 102.851  -0.23 12.0
   40      1 10B1 98.46  1.54 17,19,20,22,23,24      0.84 14.206 102.851   0.23 12.0
   40      2 10B1 98.46  1.54 17,19,20,21,22,23       0.5 14.206 102.851   0.23 12.0
   45      1 13B2  0.13 99.87 19,20,21,22,24,27      0.87 15.532  14.898  0.037 12.0
   45      2 13B2  0.13 99.87 19,20,21,22,24,28      0.46 15.532  14.898  0.037 12.0
   46      1 11B1  0.13 99.87 19,20,21,23,24,27      0.87 15.532  14.898 -0.037 12.0
   46      2 11B1  0.13 99.87 19,20,21,23,24,28      0.46 15.532  14.898 -0.037 12.0
   53      1 13B1   0.0 100.0 19,20,21,23,24,29       0.7 17.054 126.671  0.018 12.0
   53      2 13B1   0.0 100.0 19,20,21,22,24,30       0.7 17.054 126.671  0.018 12.0
   54      1 15B2   0.0 100.0 19,20,21,23,24,30       0.7 17.054 126.671  0.018 12.0
   54      2 15B2   0.0 100.0 19,20,21,22,24,29       0.7 17.054 126.671  0.018 12.0
   59      1 16B2  0.01 99.99 19,20,22,23,24,32      0.91  17.67 180.156 -0.046 12.0
   60      1 14B1  0.01 99.99 19,20,22,23,24,31      0.91  17.67 180.156 -0.046 12.0
   67      1 16B1  0.01 99.99 19,21,22,23,24,32      0.68 18.512  96.638 -0.098 12.0
   67      2 16B1  0.01 99.99 20,21,22,23,24,31      0.68 18.512  96.638 -0.098 12.0
   68      1 18B2  0.01 99.99 20,21,22,23,24,32      0.68 18.512  96.638  0.098 12.0
   68      2 18B2  0.01 99.99 19,21,22,23,24,31      0.68 18.512  96.638  0.098 12.0
   69      1 17B1  0.01 99.99 19,20,21,22,23,35      0.92 18.688  25.951  0.021 12.0
   70      1 19B2  0.01 99.99 19,20,21,22,23,36      0.92 18.688  25.951  0.021 12.0
   73      1 20B2  0.02 99.98 19,20,21,22,24,33      0.91 20.292  57.339  0.298 12.0
   74      1 18B1  0.02 99.98 19,20,21,23,24,33      0.91 20.292  57.339 -0.298 12.0
   80      1 19B1   0.0 100.0 19,20,21,22,23,40      0.91 22.575  10.909 -0.216 12.0
   81      1 21B2   0.0 100.0 19,20,21,22,23,41      0.91 22.575  10.909 -0.216 12.0
   86      1 20B1   0.0 100.0 19,20,22,23,24,35      0.83 26.553  61.213   -0.1 12.0
   87      1 22B2   0.0 100.0 19,20,22,23,24,36      0.83 26.553  61.213   -0.1 12.0
   88      1 23B2   0.0 100.0 19,20,21,22,24,34      0.87 26.603 118.509 -0.247 12.0
   89      1 21B1   0.0 100.0 19,20,21,23,24,34      0.87 26.603 118.509  0.247 12.0
   98      1 23B1   0.0 100.0 19,21,22,23,24,36      0.67 27.504  88.353 -0.013 12.0
   98      2 23B1   0.0 100.0 20,21,22,23,24,35      0.67 27.504  88.353 -0.013 12.0
   99      1 25B2   0.0 100.0 20,21,22,23,24,36      0.67 27.504  88.353  0.013 12.0
   99      2 25B2   0.0 100.0 19,21,22,23,24,35      0.67 27.504  88.353  0.013 12.0
  101      1 24B1   0.0 100.0 19,20,21,22,23,44      0.92  28.66  48.321  0.098 12.0
  102      1 26B2   0.0 100.0 19,20,21,22,23,45      0.92  28.66  48.321  0.098 12.0
  103      1 25B1  0.02 99.98 19,20,22,23,24,40      0.79 29.888 191.898  0.249 12.0
  104      1 27B2  0.02 99.98 19,20,22,23,24,41      0.79 29.888 191.898  0.249 12.0
  108      1 28B2 99.67  0.33 15,19,20,21,22,24      0.99 30.117  10.655 -0.033 12.0
  109      1 26B1 99.67  0.33 15,19,20,21,23,24      0.99 30.117  10.655 -0.033 12.0
  113      1 29B2  0.08 99.92 19,20,21,22,24,39      0.93  30.31  140.64 -0.044 12.0
  114      1 27B1  0.08 99.92 19,20,21,23,24,39      0.93  30.31  140.64  0.044 12.0
  123      1 32B2  0.22 99.78 19,20,21,23,24,38       0.7 30.765   1.074 -0.282 12.0
  123      2 32B2  0.22 99.78 19,20,21,22,24,37       0.7 30.765   1.074 -0.282 12.0
  124      1 30B1  0.22 99.78 19,20,21,23,24,37       0.7 30.765   1.074  0.282 12.0
  124      2 30B1  0.22 99.78 19,20,21,22,24,38       0.7 30.765   1.074  0.282 12.0
  125      1 31B1   0.0 100.0 19,21,22,23,24,41      0.61  30.82 132.011  0.093 12.0
  125      2 31B1   0.0 100.0 20,21,22,23,24,40      0.61  30.82 132.011  0.093 12.0
  126      1 33B2   0.0 100.0 20,21,22,23,24,41      0.61  30.82 132.011 -0.093 12.0
  126      2 33B2   0.0 100.0 19,21,22,23,24,40      0.61  30.82 132.011 -0.093 12.0
  140      1 33B1   0.0 100.0 19,20,21,23,24,42      0.69 31.745 225.366  0.071 12.0
  140      2 33B1   0.0 100.0 19,20,21,22,24,43      0.69 31.745 225.366  0.071 12.0
  141      1 35B2   0.0 100.0 19,20,21,23,24,43      0.69 31.745 225.366  0.071 12.0
  141      2 35B2   0.0 100.0 19,20,21,22,24,42      0.69 31.745 225.366  0.071 12.0
  144      1 36B2   0.0 100.0 19,20,21,22,24,46       0.9 34.794 162.818   0.07 12.0
  145      1 34B1   0.0 100.0 19,20,21,23,24,46       0.9 34.794 162.818  -0.07 12.0
  146      1 35B1   0.0 100.0 19,20,22,23,24,44       0.8 34.968 280.636 -0.341 12.0
  147      1 37B2   0.0 100.0 19,20,22,23,24,45       0.8 34.968 280.636 -0.341 12.0
  155      1 36B1   0.0 100.0 19,21,22,23,24,45      0.63 35.941 104.018 -0.055 12.0
  155      2 36B1   0.0 100.0 20,21,22,23,24,44      0.63 35.941 104.018 -0.055 12.0
  156      1 40B2   0.0 100.0 20,21,22,23,24,45      0.63 35.941 104.018  0.055 12.0
  156      2 40B2   0.0 100.0 19,21,22,23,24,44      0.63 35.941 104.018  0.055 12.0
  160      1 41B2   0.0 100.0 19,20,21,22,24,47      0.92 45.654 117.157 -0.152 12.0
  161      1 37B1   0.0 100.0 19,20,21,23,24,47      0.92 45.654 117.157  0.152 12.0
  162      1 38B1   0.0 100.0 19,20,21,22,23,48      0.95 46.071 560.097  0.419 12.0
  163      1 42B2   0.0 100.0 19,20,21,22,23,49      0.95 46.071 560.097  0.419 12.0
  167      1 39B1   0.0 100.0 19,20,22,23,24,48      0.87 48.054   79.92 -0.251 12.0
  168      1 43B2   0.0 100.0 19,20,22,23,24,49      0.87 48.054   79.92 -0.251 12.0
  174      1 41B1   0.0 100.0 20,21,22,23,24,48      0.64 49.012   23.75 -0.519 12.0
  174      2 41B1   0.0 100.0 19,21,22,23,24,49      0.64 49.012   23.75 -0.519 12.0
  174      3 41B1   0.0 100.0 19,20,22,23,24,48       0.4 49.012   23.75 -0.519 12.0
  175      1 45B2   0.0 100.0 19,21,22,23,24,48      0.64 49.012   23.75 -0.519 12.0
  175      2 45B2   0.0 100.0 20,21,22,23,24,49      0.64 49.012   23.75 -0.519 12.0
  175      3 45B2   0.0 100.0 19,20,22,23,24,49       0.4 49.012   23.75 -0.519 12.0
  178      1 46B2   0.0 100.0 19,20,21,22,24,50      0.95 50.888 138.195  0.342 12.0
  179      1 42B1   0.0 100.0 19,20,21,23,24,50      0.95 50.888 138.195 -0.342 12.0
  184      1 43B1   0.0 100.0 19,20,21,22,23,53      0.94 63.143  16.397 -0.136 12.0
  185      1 47B2   0.0 100.0 19,20,21,22,23,54      0.94 63.143  16.397 -0.136 12.0
  193      1 48B2   0.0 100.0 19,20,21,22,24,62      0.81 70.022  15.716  0.207 12.0
  193      2 48B2   0.0 100.0 19,20,21,22,24,65      0.43 70.022  15.716  0.207 12.0
  194      1 44B1   0.0 100.0 19,20,21,23,24,62      0.81 70.022  15.716 -0.207 12.0
  194      2 44B1   0.0 100.0 19,20,21,23,24,65      0.43 70.022  15.716 -0.207 12.0
  197      1 45B1   0.0 100.0 19,20,21,23,24,51       0.7 70.228   2.234 -0.173 12.0
  197      2 45B1   0.0 100.0 19,20,21,22,24,52       0.7 70.228   2.234 -0.173 12.0
  198      1 51B2   0.0 100.0 19,20,21,23,24,52       0.7 70.228   2.234  0.173 12.0
  198      2 51B2   0.0 100.0 19,20,21,22,24,51       0.7 70.228   2.234  0.173 12.0

States multiplicity: 
- 0 Singlet states:  []
- 0 Doublet states:  []
- 0 Triplet states:  []
- 0 Quartet states:  []
- 0 Quintet states:  []
 
------------------------
 IMPROVED ACTIVE SPACE 
------------------------
Initial active space (HOMO = 24 ): [ 6 , 6 ] ; [19, 20, 21, 22, 23, 24]
Final active space (HOMO = 24 ): [ 14 , 42 ] ; [15, 16, 17, 18, 19, 20, 21, 22, 23, 24, 25, 26, 27, 28, 29, 30, 31, 32, 33, 34, 35, 36, 37, 38, 39, 40, 41, 42, 43, 44, 45, 46, 47, 48, 49, 50, 51, 52, 53, 54, 62, 65]
 
--------------------------------
 SUM-OVER-STATE ANALYSIS
--------------------------------
 state    gxx    gyy  gzz
     1  0.000  0.000  0.0
     2 -0.000 14.270  0.0
     3 14.270  0.000  0.0
     4  0.000 -0.000  0.0
     5 -0.000 -0.000 -0.0
     6  0.000 -0.346  0.0
     7  0.346  0.000  0.0
     8  0.000 -0.000 -0.0
     9 -0.000 -0.000  0.0
    10  0.000 -0.000  0.0
    11 -0.060 -0.000  0.0
    12  0.000 -0.060 -0.0
    13  0.000  0.158  0.0
    14  0.158 -0.000 -0.0
    15 -0.000 -0.000  0.0
    16 -0.000  0.000 -0.0
    17  0.000  0.000 -0.0
    18  0.000 -0.000  0.0
    19  0.000  0.000  0.0
    20  0.000 -0.000  0.0
    21  0.841  0.000  0.0
    22 -0.000  0.841 -0.0
    23  0.000  0.000  0.0
    24  0.000  0.425  0.0
    25  0.425 -0.000 -0.0
    26 -0.000 -0.000  0.0
    27  0.000 -0.000  0.0
    28 -0.000  0.000  0.0
    29  0.000  0.000 -0.0
    30 -0.000  0.000 -0.0
    31  0.000  0.009  0.0
    32 -0.009  0.000 -0.0
    33 -0.000 -0.483 -0.0
    34  0.483 -0.000 -0.0
    35 -0.000 -0.000  0.0
    36  0.000 -0.000 -0.0
    37  0.000  0.000 -0.0
    38  0.000 -0.000 -0.0
    39 -0.000  0.827 -0.0
    40 -0.827 -0.000 -0.0
    41 -0.000  0.000 -0.0
    42  0.000  0.000  0.0
    43  0.000 -0.000 -0.0
    44  0.000 -0.000 -0.0
    45 -0.000 -0.017 -0.0
    46  0.017 -0.000  0.0
    47 -0.000  0.000 -0.0
    48  0.000 -0.000 -0.0
    49 -0.000 -0.000  0.0
    50 -0.000  0.000 -0.0
    51  0.000  0.000 -0.0
    52  0.000 -0.000 -0.0
    53 -0.068 -0.000 -0.0
    54  0.000 -0.068 -0.0
    55 -0.000 -0.000 -0.0
    56 -0.000 -0.000 -0.0
    57 -0.000 -0.000  0.0
    58  0.000  0.000  0.0
    59 -0.000  0.232 -0.0
    60  0.232  0.000  0.0
    61  0.000  0.000 -0.0
    62 -0.000 -0.000 -0.0
    63  0.000 -0.000  0.0
    64 -0.000  0.000 -0.0
    65 -0.000  0.000 -0.0
    66  0.000  0.000  0.0
    67  0.254 -0.000  0.0
    68 -0.000 -0.254  0.0
    69 -0.014 -0.000 -0.0
    70  0.000 -0.014  0.0
    71  0.000 -0.000  0.0
    72  0.000  0.000 -0.0
    73 -0.000 -0.417 -0.0
    74  0.417 -0.000 -0.0
    75 -0.000  0.000  0.0
    76  0.000 -0.000  0.0
    77 -0.000  0.000 -0.0
    78 -0.000  0.000 -0.0
    79 -0.000  0.000  0.0
    80  0.052  0.000  0.0
    81 -0.000  0.052 -0.0
    82  0.000  0.000 -0.0
    83 -0.000  0.000 -0.0
    84 -0.000  0.000  0.0
    85 -0.000 -0.000 -0.0
    86  0.115  0.000  0.0
    87 -0.000  0.115 -0.0
    88  0.000  0.546  0.0
    89 -0.546  0.000  0.0
    90 -0.000  0.000 -0.0
    91  0.000  0.000 -0.0
    92  0.000 -0.000  0.0
    93 -0.000 -0.000 -0.0
    94 -0.000  0.000  0.0
    95 -0.000 -0.000  0.0
    96 -0.000  0.000  0.0
    97  0.000  0.000 -0.0
    98  0.021  0.000 -0.0
    99  0.000 -0.021  0.0
   100  0.000  0.000  0.0
   101 -0.082 -0.000  0.0
   102  0.000 -0.082 -0.0
   103 -0.793 -0.000  0.0
   104  0.000 -0.793  0.0
   105  0.000 -0.000 -0.0
   106  0.000  0.000  0.0
   107 -0.000  0.000  0.0
   108 -0.000  0.006 -0.0
   109  0.006  0.000  0.0
   110  0.000 -0.000  0.0
   111 -0.000  0.000 -0.0
   112  0.000  0.000 -0.0
   113  0.000  0.101  0.0
   114 -0.101  0.000 -0.0
   115 -0.000 -0.000 -0.0
   116 -0.000 -0.000 -0.0
   117 -0.000  0.000  0.0
   118 -0.000 -0.000  0.0
   119  0.000 -0.000 -0.0
   120 -0.000 -0.000 -0.0
   121 -0.000 -0.000 -0.0
   122  0.000 -0.000  0.0
   123  0.001  0.005 -0.0
   124 -0.005  0.001 -0.0
   125 -0.197  0.000 -0.0
   126  0.000  0.197  0.0
   127 -0.000 -0.000 -0.0
   128  0.000  0.000 -0.0
   129 -0.000  0.000 -0.0
   130 -0.000 -0.000 -0.0
   131  0.000 -0.000 -0.0
   132 -0.000 -0.000 -0.0
   133 -0.000 -0.000 -0.0
   134 -0.000 -0.000  0.0
   135  0.000 -0.000 -0.0
   136  0.000 -0.000  0.0
   137  0.000 -0.000  0.0
   138 -0.000 -0.000 -0.0
   139 -0.000  0.000  0.0
   140 -0.252 -0.000 -0.0
   141  0.000 -0.252  0.0
   142  0.000  0.000 -0.0
   143  0.000  0.000  0.0
   144 -0.000 -0.163  0.0
   145  0.163 -0.000  0.0
   146  1.356 -0.000  0.0
   147  0.000  1.356 -0.0
   148 -0.000  0.000  0.0
   149 -0.000 -0.000  0.0
   150 -0.000 -0.000 -0.0
   151  0.000  0.000  0.0
   152  0.000 -0.000  0.0
   153 -0.000  0.000 -0.0
   154  0.000  0.000  0.0
   155  0.079 -0.000 -0.0
   156 -0.000 -0.079 -0.0
   157  0.000 -0.000  0.0
   158  0.000  0.000  0.0
   159 -0.000 -0.000 -0.0
   160  0.000  0.193 -0.0
   161 -0.193  0.000 -0.0
   162 -2.527 -0.000  0.0
   163  0.000 -2.527 -0.0
   164  0.000  0.000 -0.0
   165  0.000 -0.000 -0.0
   166  0.000 -0.000 -0.0
   167  0.207  0.000  0.0
   168 -0.000  0.207 -0.0
   169 -0.000 -0.000 -0.0
   170  0.000  0.000  0.0
   171 -0.000  0.000  0.0
   172  0.000  0.000  0.0
   173 -0.000  0.000 -0.0
   174  0.125 -0.000 -0.0
   175  0.000  0.125  0.0
   176 -0.000  0.000 -0.0
   177  0.000 -0.000  0.0
   178 -0.000 -0.461 -0.0
   179  0.461 -0.000 -0.0
   180 -0.000  0.000 -0.0
   181  0.000 -0.000 -0.0
   182  0.000  0.000  0.0
   183  0.000  0.000 -0.0
   184  0.018  0.000 -0.0
   185 -0.000  0.018  0.0
   186  0.000 -0.000  0.0
   187 -0.000  0.000  0.0
   188 -0.000 -0.000 -0.0
   189 -0.000 -0.000  0.0
   190  0.000  0.000  0.0
   191  0.000 -0.000 -0.0
   192 -0.000 -0.000 -0.0
   193 -0.000 -0.023  0.0
   194  0.023 -0.000 -0.0
   195  0.000  0.000  0.0
   196  0.000 -0.000  0.0
   197  0.003 -0.000  0.0
   198 -0.000 -0.003 -0.0
   199 -0.000  0.000  0.0
   200  0.000  0.000  0.0

