--------------------------------------
     INPUT SECTION
--------------------------------------
File selected:  mnh_6_6.out
Number of states selected:  200
Selected states selected:  [1, 2, 3, 4, 5, 6, 7, 8, 9, 10, 11, 12, 13, 14, 15, 16, 17, 18, 19, 20, 21, 22, 23, 24, 25, 26, 27, 28, 29, 30, 31, 32, 33, 34, 35, 36, 37, 38, 39, 40, 41, 42, 43, 44, 45, 46, 47, 48, 49, 50, 51, 52, 53, 54, 55, 56, 57, 58, 59, 60, 61, 62, 63, 64, 65, 66, 67, 68, 69, 70, 71, 72, 73, 74, 75, 76, 77, 78, 79, 80, 81, 82, 83, 84, 85, 86, 87, 88, 89, 90, 91, 92, 93, 94, 95, 96, 97, 98, 99, 100, 101, 102, 103, 104, 105, 106, 107, 108, 109, 110, 111, 112, 113, 114, 115, 116, 117, 118, 119, 120, 121, 122, 123, 124, 125, 126, 127, 128, 129, 130, 131, 132, 133, 134, 135, 136, 137, 138, 139, 140, 141, 142, 143, 144, 145, 146, 147, 148, 149, 150, 151, 152, 153, 154, 155, 156, 157, 158, 159, 160, 161, 162, 163, 164, 165, 166, 167, 168, 169, 170, 171, 172, 173, 174, 175, 176, 177, 178, 179, 180, 181, 182, 183, 184, 185, 186, 187, 188, 189, 190, 191, 192, 193, 194, 195, 196, 197, 198, 199, 200]
 
------------------------
 RAS-CI RESULTS
------------------------
g-factor (x y z dimensions):
-1.561 -1.561 -0.002

------------------------
 EXCITED STATES ANALYSIS
------------------------
Configurations cut-off: 0.5
state config  sym  hole  part       unpairedorb amplitude      e    socc     lk   s2
    1      1  1A1   0.0   0.0 11,12,13,14,15,16       1.0    0.0     0.0    0.0 12.0
    2      1  1B2   0.0 100.0 11,12,13,14,15,18      0.95  3.777 190.937  -0.65 12.0
    3      1  1B1   0.0 100.0 11,12,13,14,15,17      0.95  3.777 190.937   0.65 12.0
    9      1  2B1  0.01 99.99 11,12,13,14,15,23      0.93  8.078  39.538 -0.231 12.0
   10      1  2B2  0.01 99.99 11,12,13,14,15,24      0.93  8.078  39.538 -0.231 12.0
   11      1  3B2   1.0  99.0 11,12,13,14,16,18      0.93 10.174  35.847  0.016 12.0
   12      1  3B1   1.0  99.0 11,12,13,14,16,17      0.93 10.174  35.847 -0.016 12.0
   18      1  6B2  88.2  11.8 10,11,12,13,15,16      0.94 10.731  35.386  0.411 12.0
   19      1  4B1  88.2  11.8 10,11,12,14,15,16      0.94 10.731  35.386  0.411 12.0
   24      1  7B2 10.65 89.35 11,13,14,15,16,17      0.66 11.019  45.072 -0.066 12.0
   24      2  7B2 10.65 89.35 12,13,14,15,16,18      0.66 11.019  45.072 -0.066 12.0
   25      1  5B1 10.65 89.35 12,13,14,15,16,17      0.66 11.019  45.072 -0.066 12.0
   25      2  5B1 10.65 89.35 11,13,14,15,16,18      0.66 11.019  45.072 -0.066 12.0
   29      1  8B2  0.09 99.91 11,12,13,15,16,20      0.94 14.394 175.464  0.075 12.0
   30      1  6B1  0.09 99.91 11,12,14,15,16,20      0.94 14.394 175.464 -0.075 12.0
   33      1  9B2  0.01 99.99 11,12,13,15,16,19      0.99 14.952  56.072 -0.014 12.0
   34      1  7B1  0.01 99.99 11,12,14,15,16,19      0.99 14.952  56.072  0.014 12.0
   37      1 10B2  0.01 99.99 11,12,13,14,16,24      0.91 16.054 175.155  0.088 12.0
   38      1  8B1  0.01 99.99 11,12,13,14,16,23      0.91 16.054 175.155  0.088 12.0
   47      1  9B1   0.0 100.0 11,12,14,15,16,21      0.68  16.91 130.312  0.011 12.0
   47      2  9B1   0.0 100.0 11,12,13,15,16,22      0.68  16.91 130.312  0.011 12.0
   48      1 13B2   0.0 100.0 11,12,14,15,16,22      0.68  16.91 130.312 -0.011 12.0
   48      2 13B2   0.0 100.0 11,12,13,15,16,21      0.68  16.91 130.312 -0.011 12.0
   53      1 10B1   0.0 100.0 11,13,14,15,16,24      0.68 17.084  86.145 -0.003 12.0
   53      2 10B1   0.0 100.0 12,13,14,15,16,23      0.68 17.084  86.145 -0.003 12.0
   54      1 14B2   0.0 100.0 12,13,14,15,16,24      0.68 17.084  86.145  0.003 12.0
   54      2 14B2   0.0 100.0 11,13,14,15,16,23      0.68 17.084  86.145  0.003 12.0
   59      1 17B2  0.01 99.99 11,12,13,15,16,25      0.96 19.753   43.08  0.013 12.0
   60      1 11B1  0.01 99.99 11,12,14,15,16,25      0.96 19.753   43.08 -0.013 12.0
   64      1 18B2   0.0 100.0 11,12,13,15,16,26      0.95 24.214  82.775  0.064 12.0
   65      1 12B1   0.0 100.0 11,12,14,15,16,26      0.95 24.214  82.775 -0.064 12.0
   70      1 13B1   0.0 100.0 11,12,13,14,15,29      0.94 25.732  22.937 -0.067 12.0
   71      1 19B2   0.0 100.0 11,12,13,14,15,30      0.94 25.732  22.937 -0.067 12.0
   73      1 14B1   0.0 100.0 11,12,13,14,16,29      0.89 30.893 334.419  0.008 12.0
   74      1 20B2   0.0 100.0 11,12,13,14,16,30      0.89 30.893 334.419  0.008 12.0
   82      1 15B1   0.0 100.0 11,12,14,15,16,28      0.67 31.619 260.889 -0.002 12.0
   82      2 15B1   0.0 100.0 11,12,13,15,16,27      0.67 31.619 260.889 -0.002 12.0
   83      1 23B2   0.0 100.0 11,12,14,15,16,27      0.67 31.619 260.889 -0.002 12.0
   83      2 23B2   0.0 100.0 11,12,13,15,16,28      0.67 31.619 260.889 -0.002 12.0
   90      1 16B1   0.0 100.0 11,13,14,15,16,30      0.66 32.165 118.538 -0.003 12.0
   90      2 16B1   0.0 100.0 12,13,14,15,16,29      0.66 32.165 118.538 -0.003 12.0
   91      1 26B2   0.0 100.0 12,13,14,15,16,30      0.66 32.165 118.538  0.003 12.0
   91      2 26B2   0.0 100.0 11,13,14,15,16,29      0.66 32.165 118.538  0.003 12.0
   93      1 27B2   0.0 100.0 11,12,13,15,16,31      0.97 33.388 214.945 -0.008 12.0
   94      1 17B1   0.0 100.0 11,12,14,15,16,31      0.97 33.388 214.945  0.008 12.0
   98      1 18B1   0.0 100.0 11,12,13,14,15,33      0.98 45.414 687.336 -0.091 12.0
   99      1 28B2   0.0 100.0 11,12,13,14,15,34      0.98 45.414 687.336  0.091 12.0
  101      1 19B1   0.0 100.0 11,12,13,14,16,33       0.9 47.238  33.122  0.029 12.0
  102      1 29B2   0.0 100.0 11,12,13,14,16,34       0.9 47.238  33.122 -0.029 12.0
  108      1 20B1   0.0 100.0 12,13,14,15,16,33      0.64 48.202  13.008  0.041 12.0
  108      2 20B1   0.0 100.0 11,13,14,15,16,34      0.64 48.202  13.008  0.041 12.0
  108      3 20B1   0.0 100.0 11,12,13,14,16,33      0.37 48.202  13.008  0.041 12.0
  109      1 32B2   0.0 100.0 11,13,14,15,16,33      0.64 48.202  13.008  0.041 12.0
  109      2 32B2   0.0 100.0 12,13,14,15,16,34      0.64 48.202  13.008  0.041 12.0
  109      3 32B2   0.0 100.0 11,12,13,14,16,34      0.37 48.202  13.008  0.041 12.0
  112      1 33B2   0.0 100.0 11,12,13,15,16,32      0.96 49.833 106.404  0.025 12.0
  113      1 21B1   0.0 100.0 11,12,14,15,16,32      0.96 49.833 106.404 -0.025 12.0
  116      1 22B1   0.0 100.0 11,12,13,14,15,35      0.94 51.921  13.811 -0.298 12.0
  117      1 34B2   0.0 100.0 11,12,13,14,15,36      0.94 51.921  13.811 -0.298 12.0
  118      1 23B1   0.0 100.0 11,12,13,14,16,35      0.94 58.759  50.557   0.11 12.0
  119      1 35B2   0.0 100.0 11,12,13,14,16,36      0.94 58.759  50.557   0.11 12.0
  126      1 24B1   0.0 100.0 11,13,14,15,16,36       0.7 60.017    43.1  0.008 12.0
  126      2 24B1   0.0 100.0 12,13,14,15,16,35       0.7 60.017    43.1  0.008 12.0
  127      1 38B2   0.0 100.0 12,13,14,15,16,36       0.7 60.017    43.1 -0.008 12.0
  127      2 38B2   0.0 100.0 11,13,14,15,16,35       0.7 60.017    43.1 -0.008 12.0
  130      1 39B2   0.0 100.0 11,12,13,15,16,37      0.87 66.578   24.01 -0.044 12.0
  131      1 25B1   0.0 100.0 11,12,14,15,16,37      0.87 66.578   24.01  0.044 12.0
  136      1 40B2   0.0 100.0 11,12,13,15,16,38      0.87 70.067   28.27 -0.036 12.0
  137      1 26B1   0.0 100.0 11,12,14,15,16,38      0.87 70.067   28.27  0.036 12.0
  142      1 41B2   0.0 100.0 11,12,13,15,16,39      0.95 84.107 194.715  0.013 12.0
  143      1 27B1   0.0 100.0 11,12,14,15,16,39      0.95 84.107 194.715 -0.013 12.0
  146      1 28B1   0.0 100.0 11,12,13,14,16,42      0.66 93.797 832.063  0.019 12.0
  146      2 28B1   0.0 100.0 11,12,13,14,15,42      0.63 93.797 832.063  0.019 12.0
  147      1 42B2   0.0 100.0 11,12,13,14,16,43      0.66 93.797 832.063  0.019 12.0
  147      2 42B2   0.0 100.0 11,12,13,14,15,43      0.63 93.797 832.063  0.019 12.0
  155      1 29B1   0.0 100.0 11,12,14,15,16,41      0.64 94.531 541.968 -0.006 12.0
  155      2 29B1   0.0 100.0 11,12,13,15,16,40      0.64 94.531 541.968 -0.006 12.0
  156      1 45B2   0.0 100.0 11,12,14,15,16,40      0.64 94.531 541.968 -0.006 12.0
  156      2 45B2   0.0 100.0 11,12,13,15,16,41      0.64 94.531 541.968 -0.006 12.0
  162      1 30B1   0.0 100.0 11,12,13,14,15,42      0.69  95.25 269.066 -0.024 12.0
  162      2 30B1   0.0 100.0 11,12,13,14,16,42      0.48  95.25 269.066 -0.024 12.0
  163      1 46B2   0.0 100.0 11,12,13,14,15,43      0.69  95.25 269.066 -0.024 12.0
  163      2 46B2   0.0 100.0 11,12,13,14,16,43      0.48  95.25 269.066 -0.024 12.0
  168      1 49B2   0.0 100.0 11,13,14,15,16,42      0.56  95.89 175.061  0.005 12.0
  168      2 49B2   0.0 100.0 12,13,14,15,16,43      0.56  95.89 175.061  0.005 12.0
  168      3 49B2   0.0 100.0 11,12,13,14,16,43      0.52  95.89 175.061  0.005 12.0
  169      1 31B1   0.0 100.0 12,13,14,15,16,42      0.56  95.89 175.061  0.005 12.0
  169      2 31B1   0.0 100.0 11,13,14,15,16,43      0.56  95.89 175.061  0.005 12.0
  169      3 31B1   0.0 100.0 11,12,13,14,16,42      0.52  95.89 175.061  0.005 12.0
  178      1 53B2   0.0 100.0 11,12,13,15,16,44      0.57 96.419  187.13  0.003 12.0
  178      2 53B2   0.0 100.0 11,12,13,14,15,50      0.51 96.419  187.13  0.003 12.0
  178      3 53B2   0.0 100.0 11,12,13,14,16,50      0.44 96.419  187.13  0.003 12.0
  179      1 33B1   0.0 100.0 11,12,14,15,16,44      0.57 96.419  187.13 -0.003 12.0
  179      2 33B1   0.0 100.0 11,12,13,14,15,49      0.51 96.419  187.13 -0.003 12.0
  179      3 33B1   0.0 100.0 11,12,13,14,16,49      0.44 96.419  187.13 -0.003 12.0
  180      1 54B2   0.0 100.0 11,12,13,15,16,44       0.7 96.676 342.128  0.002 12.0
  180      2 54B2   0.0 100.0 11,12,13,14,15,50      0.36 96.676 342.128  0.002 12.0
  181      1 34B1   0.0 100.0 11,12,14,15,16,44       0.7 96.676 342.128 -0.002 12.0
  181      2 34B1   0.0 100.0 11,12,13,14,15,49      0.36 96.676 342.128 -0.002 12.0
  190      1 36B1   0.0 100.0 11,12,13,14,15,49      0.66 97.508  31.075 -0.005 12.0
  190      2 36B1   0.0 100.0 11,12,13,14,16,49      0.54 97.508  31.075 -0.005 12.0
  191      1 56B2   0.0 100.0 11,12,13,14,15,50      0.66 97.508  31.075 -0.005 12.0
  191      2 56B2   0.0 100.0 11,12,13,14,16,50      0.54 97.508  31.075 -0.005 12.0
  196      1 38B1   0.0 100.0 11,13,14,15,16,46      0.46 97.594  80.742  0.016 12.0
  196      2 38B1   0.0 100.0 12,13,14,15,16,45      0.46 97.594  80.742  0.016 12.0
  196      3 38B1   0.0 100.0 11,12,14,15,16,47      0.42 97.594  80.742  0.016 12.0
  196      4 38B1   0.0 100.0 11,12,13,15,16,48      0.42 97.594  80.742  0.016 12.0
  196      5 38B1   0.0 100.0 11,12,13,14,15,49      0.27 97.594  80.742  0.016 12.0
  197      1 58B2   0.0 100.0 12,13,14,15,16,46      0.46 97.594  80.742  0.016 12.0
  197      2 58B2   0.0 100.0 11,13,14,15,16,45      0.46 97.594  80.742  0.016 12.0
  197      3 58B2   0.0 100.0 11,12,14,15,16,48      0.42 97.594  80.742  0.016 12.0
  197      4 58B2   0.0 100.0 11,12,13,15,16,47      0.42 97.594  80.742  0.016 12.0
  197      5 58B2   0.0 100.0 11,12,13,14,15,50      0.27 97.594  80.742  0.016 12.0

States multiplicity: 
- 0 Singlet states:  []
- 0 Doublet states:  []
- 0 Triplet states:  []
- 0 Quartet states:  []
- 0 Quintet states:  []
 
------------------------
 IMPROVED ACTIVE SPACE 
------------------------
Initial active space (HOMO = 16 ): [ 6 , 6 ] ; [11, 12, 13, 14, 15, 16]
Final active space (HOMO = 16 ): [ 8 , 41 ] ; [10, 11, 12, 13, 14, 15, 16, 17, 18, 19, 20, 21, 22, 23, 24, 25, 26, 27, 28, 29, 30, 31, 32, 33, 34, 35, 36, 37, 38, 39, 40, 41, 42, 43, 44, 45, 46, 47, 48, 49, 50]
 
--------------------------------
 SUM-OVER-STATE ANALYSIS
--------------------------------
 state     gxx    gyy  gzz
     1   0.000  0.000  0.0
     2  -0.007 16.309 -0.0
     3 -16.309 -0.007 -0.0
     4   0.000 -0.000  0.0
     5   0.000  0.000 -0.0
     6   0.000  0.000 -0.0
     7  -0.000  0.000 -0.0
     8  -0.000 -0.000  0.0
     9   0.561 -0.001 -0.0
    10   0.001  0.561 -0.0
    11   0.000 -0.027  0.0
    12   0.027  0.000 -0.0
    13  -0.000 -0.000 -0.0
    14   0.000 -0.000 -0.0
    15  -0.000  0.000 -0.0
    16  -0.000 -0.000 -0.0
    17   0.000 -0.000  0.0
    18  -0.000 -0.672 -0.0
    19  -0.672  0.000 -0.0
    20   0.000 -0.000 -0.0
    21   0.000 -0.000  0.0
    22   0.000 -0.000 -0.0
    23  -0.000 -0.000 -0.0
    24  -0.002  0.134 -0.0
    25   0.134  0.002 -0.0
    26  -0.000  0.000  0.0
    27   0.000  0.000 -0.0
    28   0.000 -0.000  0.0
    29  -0.000 -0.452  0.0
    30   0.452 -0.000  0.0
    31  -0.000 -0.000 -0.0
    32   0.000  0.000 -0.0
    33  -0.000  0.026 -0.0
    34  -0.026 -0.000 -0.0
    35  -0.000 -0.000 -0.0
    36   0.000 -0.000 -0.0
    37   0.000 -0.474 -0.0
    38  -0.474 -0.000 -0.0
    39   0.000  0.000  0.0
    40  -0.000  0.000  0.0
    41   0.000 -0.000 -0.0
    42  -0.000  0.000 -0.0
    43  -0.000 -0.000  0.0
    44   0.000  0.000  0.0
    45   0.000  0.000 -0.0
    46   0.000 -0.000  0.0
    47  -0.041 -0.000 -0.0
    48  -0.000  0.041 -0.0
    49   0.000 -0.000 -0.0
    50  -0.000 -0.000  0.0
    51   0.000 -0.000 -0.0
    52  -0.000 -0.000  0.0
    53   0.009 -0.000 -0.0
    54  -0.000 -0.009  0.0
    55  -0.000  0.000 -0.0
    56  -0.000 -0.000 -0.0
    57   0.000 -0.000 -0.0
    58   0.000  0.000 -0.0
    59  -0.000 -0.014  0.0
    60   0.014 -0.000  0.0
    61  -0.000 -0.000  0.0
    62   0.000  0.000  0.0
    63   0.000 -0.000  0.0
    64   0.000 -0.109 -0.0
    65   0.109  0.000  0.0
    66  -0.000 -0.000 -0.0
    67   0.000  0.000 -0.0
    68  -0.000  0.000  0.0
    69  -0.000  0.000 -0.0
    70   0.030 -0.000 -0.0
    71   0.000  0.030 -0.0
    72   0.000 -0.000  0.0
    73  -0.043 -0.000  0.0
    74   0.000 -0.043 -0.0
    75  -0.000 -0.000  0.0
    76   0.000  0.000  0.0
    77   0.000 -0.000 -0.0
    78  -0.000 -0.000 -0.0
    79   0.000 -0.000 -0.0
    80  -0.000  0.000 -0.0
    81  -0.000  0.000  0.0
    82   0.010 -0.000  0.0
    83   0.000  0.010  0.0
    84   0.000 -0.000 -0.0
    85   0.000  0.000  0.0
    86   0.000  0.000 -0.0
    87  -0.000  0.000  0.0
    88   0.000  0.000 -0.0
    89   0.000 -0.000  0.0
    90   0.005  0.000  0.0
    91   0.000 -0.005  0.0
    92  -0.000 -0.000 -0.0
    93  -0.000  0.025  0.0
    94  -0.025 -0.000  0.0
    95   0.000  0.000  0.0
    96   0.000  0.000  0.0
    97   0.000  0.000  0.0
    98   0.682  0.000  0.0
    99   0.000 -0.682  0.0
   100  -0.000 -0.000  0.0
   101  -0.010 -0.000 -0.0
   102  -0.000  0.010  0.0
   103  -0.000  0.000  0.0
   104  -0.000 -0.000  0.0
   105   0.000 -0.000 -0.0
   106  -0.000  0.000  0.0
   107  -0.000 -0.000  0.0
   108  -0.005  0.000 -0.0
   109  -0.000 -0.005  0.0
   110   0.000 -0.000  0.0
   111   0.000 -0.000 -0.0
   112   0.000 -0.026  0.0
   113   0.026  0.000  0.0
   114  -0.000  0.000  0.0
   115   0.000  0.000  0.0
   116   0.039 -0.000  0.0
   117   0.000  0.039 -0.0
   118  -0.047 -0.000  0.0
   119   0.000 -0.047 -0.0
   120   0.000  0.000 -0.0
   121  -0.000  0.000  0.0
   122   0.000 -0.000  0.0
   123   0.000 -0.000 -0.0
   124  -0.000  0.000  0.0
   125  -0.000 -0.000  0.0
   126  -0.003  0.000 -0.0
   127   0.000  0.003  0.0
   128  -0.000  0.000 -0.0
   129  -0.000  0.000 -0.0
   130  -0.000  0.008 -0.0
   131  -0.008 -0.000 -0.0
   132   0.000 -0.000 -0.0
   133   0.000  0.000 -0.0
   134  -0.000 -0.000  0.0
   135   0.000  0.000  0.0
   136   0.000  0.007 -0.0
   137  -0.007  0.000  0.0
   138   0.000  0.000  0.0
   139  -0.000 -0.000  0.0
   140   0.000  0.000 -0.0
   141  -0.000  0.000  0.0
   142  -0.000 -0.015 -0.0
   143   0.015 -0.000 -0.0
   144   0.000 -0.000 -0.0
   145  -0.000  0.000 -0.0
   146  -0.084  0.000 -0.0
   147  -0.000 -0.084 -0.0
   148   0.000 -0.000 -0.0
   149  -0.000  0.000 -0.0
   150   0.000  0.000 -0.0
   151   0.000  0.000 -0.0
   152   0.000 -0.000 -0.0
   153   0.000  0.000  0.0
   154   0.000 -0.000  0.0
   155   0.018 -0.000 -0.0
   156   0.000  0.018 -0.0
   157   0.000  0.000  0.0
   158   0.000 -0.000 -0.0
   159   0.000 -0.000 -0.0
   160   0.000 -0.000 -0.0
   161   0.000  0.000 -0.0
   162   0.034  0.000 -0.0
   163  -0.000  0.034 -0.0
   164  -0.000 -0.000 -0.0
   165   0.000 -0.000  0.0
   166   0.000  0.000  0.0
   167   0.000 -0.000 -0.0
   168  -0.000 -0.005 -0.0
   169  -0.005  0.000  0.0
   170  -0.000 -0.000 -0.0
   171  -0.000  0.000 -0.0
   172   0.000 -0.000  0.0
   173  -0.000 -0.000 -0.0
   174  -0.000  0.000  0.0
   175  -0.000 -0.000  0.0
   176  -0.000 -0.000 -0.0
   177   0.000 -0.000 -0.0
   178   0.000 -0.003  0.0
   179   0.003  0.000  0.0
   180   0.000 -0.003 -0.0
   181   0.003  0.000 -0.0
   182   0.000 -0.000  0.0
   183   0.000  0.000  0.0
   184   0.000  0.000  0.0
   185  -0.000  0.000  0.0
   186   0.000 -0.000  0.0
   187   0.000 -0.000 -0.0
   188   0.000 -0.000  0.0
   189  -0.000 -0.000  0.0
   190   0.001  0.000  0.0
   191  -0.000  0.001 -0.0
   192  -0.000  0.000  0.0
   193  -0.000 -0.000  0.0
   194  -0.000 -0.000  0.0
   195   0.000 -0.000 -0.0
   196  -0.006 -0.000  0.0
   197   0.000 -0.006 -0.0
   198  -0.000 -0.000 -0.0
   199   0.000  0.000 -0.0
   200  -0.000 -0.000 -0.0

