--------------------------------------
     INPUT SECTION
--------------------------------------
File selected:  ni_2_2.out
Number of states selected:  149
Selected states selected:  [1, 2, 3, 4, 5, 6, 7, 8, 9, 10, 11, 12, 13, 14, 15, 16, 17, 18, 19, 20, 21, 22, 23, 24, 25, 26, 27, 28, 29, 30, 31, 32, 33, 34, 35, 36, 37, 38, 39, 40, 41, 42, 43, 44, 45, 46, 47, 48, 49, 50, 51, 52, 53, 54, 55, 56, 57, 58, 59, 60, 61, 62, 63, 64, 65, 66, 67, 68, 69, 70, 71, 72, 73, 74, 75, 76, 77, 78, 79, 80, 81, 82, 83, 84, 85, 86, 87, 88, 89, 90, 91, 92, 93, 94, 95, 96, 97, 98, 99, 100, 101, 102, 103, 104, 105, 106, 107, 108, 109, 110, 111, 112, 113, 114, 115, 116, 117, 118, 119, 120, 121, 122, 123, 124, 125, 126, 127, 128, 129, 130, 131, 132, 133, 134, 135, 136, 137, 138, 139, 140, 141, 142, 143, 144, 145, 146, 147, 148, 149]
 
------------------------
 RAS-CI RESULTS
------------------------
g-factor (x y z dimensions):
1.578 1.578 -0.001

------------------------
 EXCITED STATES ANALYSIS
------------------------
Configurations cut-off: 0.5
state config  sym  hole  part unpairedorb amplitude        e   socc     lk  s2
    1      1  1A2   0.0   0.0       16,17       1.0      0.0    0.0    0.0 2.0
    2      1  1B1 99.37  0.63       13,16      0.97    4.093 34.979 -1.067 2.0
    3      1  1B2 99.37  0.63       13,17      0.97    4.093 34.979 -1.067 2.0
    4      1  2B1  1.16 98.84       16,18      0.93     6.34 34.269  0.195 2.0
    5      1  2B2  1.16 98.84       17,18      0.93     6.34 34.269 -0.195 2.0
   10      1  3B1 95.08  4.92       12,16      0.72   13.833  12.82  0.195 2.0
   10      2  3B1 95.08  4.92       11,16      0.61   13.833  12.82  0.195 2.0
   11      1  3B2 95.08  4.92       12,17      0.72   13.833  12.82  0.195 2.0
   11      2  3B2 95.08  4.92       11,17      0.61   13.833  12.82  0.195 2.0
   12      1  4B1  0.15 99.85       16,26      0.64   15.597  20.04  1.021 2.0
   12      2  4B1  0.15 99.85       16,27      0.61   15.597  20.04  1.021 2.0
   12      3  4B1  0.15 99.85       16,21       0.4   15.597  20.04  1.021 2.0
   13      1  4B2  0.15 99.85       17,26      0.64   15.597  20.04 -1.021 2.0
   13      2  4B2  0.15 99.85       17,27      0.61   15.597  20.04 -1.021 2.0
   13      3  4B2  0.15 99.85       17,21       0.4   15.597  20.04 -1.021 2.0
   21      1  5B1  1.45 98.55       16,21      0.68   17.587   4.88 -0.107 2.0
   21      2  5B1  1.45 98.55       16,27      0.65   17.587   4.88 -0.107 2.0
   22      1  5B2  1.45 98.55       17,21      0.68   17.587   4.88  0.107 2.0
   22      2  5B2  1.45 98.55       17,27      0.65   17.587   4.88  0.107 2.0
   25      1  7B1  1.36 98.64       17,22      0.54   17.902   2.48 -0.968 2.0
   25      2  7B1  1.36 98.64       16,23      0.54   17.902   2.48 -0.968 2.0
   25      3  7B1  1.36 98.64       16,26      0.45   17.902   2.48 -0.968 2.0
   25      4  7B1  1.36 98.64       16,27      0.32   17.902   2.48 -0.968 2.0
   26      1  7B2  1.36 98.64       17,23      0.54   17.902   2.48  0.968 2.0
   26      2  7B2  1.36 98.64       16,22      0.54   17.902   2.48  0.968 2.0
   26      3  7B2  1.36 98.64       17,26      0.45   17.902   2.48  0.968 2.0
   26      4  7B2  1.36 98.64       17,27      0.32   17.902   2.48  0.968 2.0
   27      1  8B1  0.02 99.98       16,26      0.56   17.983  6.495   0.04 2.0
   27      2  8B1  0.02 99.98       16,21      0.46   17.983  6.495   0.04 2.0
   27      3  8B1  0.02 99.98       17,22      0.43   17.983  6.495   0.04 2.0
   27      4  8B1  0.02 99.98       16,23      0.43   17.983  6.495   0.04 2.0
   28      1  8B2  0.02 99.98       17,26      0.56   17.983  6.495  -0.04 2.0
   28      2  8B2  0.02 99.98       17,21      0.46   17.983  6.495  -0.04 2.0
   28      3  8B2  0.02 99.98       17,23      0.43   17.983  6.495  -0.04 2.0
   28      4  8B2  0.02 99.98       16,22      0.43   17.983  6.495  -0.04 2.0
   34      1  9B1  5.46 94.54       16,30      0.91   21.963 21.888  0.364 2.0
   35      1  9B2  5.46 94.54       17,30      0.91   21.963 21.888 -0.364 2.0
   36      1 10B1 93.85  6.15       11,16      0.75   22.337 10.422 -0.079 2.0
   36      2 10B1 93.85  6.15       12,16       0.6   22.337 10.422 -0.079 2.0
   37      1 10B2 93.85  6.15       11,17      0.75   22.337 10.422 -0.079 2.0
   37      2 10B2 93.85  6.15       12,17       0.6   22.337 10.422 -0.079 2.0
   38      1 11B1  0.03 99.97       16,31      0.98   28.904  9.234 -0.407 2.0
   39      1 11B2  0.03 99.97       17,31      0.98   28.904  9.234  0.407 2.0
   46      1 13B1  1.27 98.73       17,35      0.64    34.25  0.635 -2.544 2.0
   46      2 13B1  1.27 98.73       16,34      0.64    34.25  0.635 -2.544 2.0
   47      1 13B2  1.27 98.73       17,34      0.64    34.25  0.635  2.544 2.0
   47      2 13B2  1.27 98.73       16,35      0.64    34.25  0.635  2.544 2.0
   48      1 14B1  0.09 99.91       16,38      0.96   37.657 19.077  0.392 2.0
   49      1 14B2  0.09 99.91       17,38      0.96   37.657 19.077 -0.392 2.0
   56      1 16B1  0.55 99.45       17,40      0.64   39.748  1.634  -1.86 2.0
   56      2 16B1  0.55 99.45       16,39      0.64   39.748  1.634  -1.86 2.0
   57      1 16B2  0.55 99.45       17,39      0.64   39.748  1.634   1.86 2.0
   57      2 16B2  0.55 99.45       16,40      0.64   39.748  1.634   1.86 2.0
   62      1 17B1  0.06 99.94       16,43      0.93   46.985  0.382 -0.707 2.0
   63      1 17B2  0.06 99.94       17,43      0.93   46.985  0.382  0.707 2.0
   68      1 18B1   0.0 100.0       16,44      0.98   50.143 21.699  0.194 2.0
   69      1 18B2   0.0 100.0       17,44      0.98   50.143 21.699 -0.194 2.0
   72      1 20B2   0.0 100.0       17,48      0.71   52.378  9.699  0.178 2.0
   72      2 20B2   0.0 100.0       16,47      0.71   52.378  9.699  0.178 2.0
   73      1 20B1   0.0 100.0       17,47      0.71   52.378  9.699 -0.178 2.0
   73      2 20B1   0.0 100.0       16,48      0.71   52.378  9.699 -0.178 2.0
   78      1 21B1  0.01 99.99       16,51      0.94   54.748 42.703 -0.809 2.0
   79      1 21B2  0.01 99.99       17,51      0.94   54.748 42.703  0.809 2.0
   82      1 23B1 99.99  0.01       10,17       0.7   59.614  16.88 -0.053 2.0
   82      2 23B1 99.99  0.01        9,16       0.7   59.614  16.88 -0.053 2.0
   83      1 23B2 99.99  0.01        9,17       0.7   59.614  16.88 -0.053 2.0
   83      2 23B2 99.99  0.01       10,16       0.7   59.614  16.88 -0.053 2.0
   88      1 24B1 99.94  0.06        6,16       1.0    59.89 18.743  0.007 2.0
   89      1 24B2 99.94  0.06        6,17       1.0    59.89 18.743  0.007 2.0
   90      1 25B1  0.07 99.93       16,52      0.99   59.999 45.862  0.715 2.0
   91      1 25B2  0.07 99.93       17,52      0.99   59.999 45.862 -0.715 2.0
   96      1 26B1   0.0 100.0       16,55      0.99   78.064 62.169  0.013 2.0
   97      1 26B2   0.0 100.0       17,55      0.99   78.064 62.169 -0.013 2.0
  100      1 28B2   0.0 100.0       17,56       0.7  101.042  1.304 -0.187 2.0
  100      2 28B2   0.0 100.0       16,57       0.7  101.042  1.304 -0.187 2.0
  101      1 28B1   0.0 100.0       17,57       0.7  101.042  1.304 -0.187 2.0
  101      2 28B1   0.0 100.0       16,56       0.7  101.042  1.304 -0.187 2.0
  110      1 29B1   0.0 100.0       16,62      0.97    109.1 12.697 -0.084 2.0
  111      1 29B2   0.0 100.0       17,62      0.97    109.1 12.697  0.084 2.0
  118      1 31B2  0.01 99.99       17,65       0.7  113.693  2.265  0.261 2.0
  118      2 31B2  0.01 99.99       16,66       0.7  113.693  2.265  0.261 2.0
  119      1 31B1  0.01 99.99       17,66       0.7  113.693  2.265  0.261 2.0
  119      2 31B1  0.01 99.99       16,65       0.7  113.693  2.265  0.261 2.0
  124      1 32B1   0.0 100.0       16,67      0.94  117.456 11.663   0.23 2.0
  125      1 32B2   0.0 100.0       17,67      0.94  117.456 11.663  -0.23 2.0
  128      1 34B2  0.06 99.94       16,71      0.71  127.921  0.345  -2.23 2.0
  128      2 34B2  0.06 99.94       17,72      0.71  127.921  0.345  -2.23 2.0
  129      1 34B1  0.06 99.94       16,72      0.71  127.921  0.345   2.23 2.0
  129      2 34B1  0.06 99.94       17,71      0.71  127.921  0.345   2.23 2.0
  132      1 35B1   0.0 100.0       16,70      0.94  133.542  3.835 -0.544 2.0
  133      1 35B2   0.0 100.0       17,70      0.94  133.542  3.835  0.544 2.0
  136      1 36B2   0.0 100.0       17,75      0.97  145.352 17.363 -0.681 2.0
  137      1 36B1   0.0 100.0       16,75      0.97  145.352 17.363  0.681 2.0
  138      1 37B2   0.0 100.0       17,76       1.0   875.31  4.332  0.629 2.0
  139      1 37B1   0.0 100.0       16,76       1.0   875.31  4.332 -0.629 2.0
  144      1 38B1   0.0 100.0       16,79       1.0  967.611 46.228  0.005 2.0
  145      1 38B2   0.0 100.0       17,79       1.0  967.611 46.228 -0.005 2.0
  146      1 39B1   0.0 100.0       16,80       1.0 1188.142  0.508  0.029 2.0
  147      1 39B2   0.0 100.0       17,80       1.0 1188.142  0.508 -0.029 2.0
  148      1 40B1   0.0 100.0       16,81       1.0 3235.651  0.275  0.001 2.0
  149      1 40B2   0.0 100.0       17,81       1.0 3235.651  0.275 -0.001 2.0

States multiplicity: 
- 0 Singlet states:  []
- 0 Doublet states:  []
- 149 Triplet states:  [1, 2, 3, 4, 5, 6, 7, 8, 9, 10, 11, 12, 13, 14, 15, 16, 17, 18, 19, 20, 21, 22, 23, 24, 25, 26, 27, 28, 29, 30, 31, 32, 33, 34, 35, 36, 37, 38, 39, 40, 41, 42, 43, 44, 45, 46, 47, 48, 49, 50, 51, 52, 53, 54, 55, 56, 57, 58, 59, 60, 61, 62, 63, 64, 65, 66, 67, 68, 69, 70, 71, 72, 73, 74, 75, 76, 77, 78, 79, 80, 81, 82, 83, 84, 85, 86, 87, 88, 89, 90, 91, 92, 93, 94, 95, 96, 97, 98, 99, 100, 101, 102, 103, 104, 105, 106, 107, 108, 109, 110, 111, 112, 113, 114, 115, 116, 117, 118, 119, 120, 121, 122, 123, 124, 125, 126, 127, 128, 129, 130, 131, 132, 133, 134, 135, 136, 137, 138, 139, 140, 141, 142, 143, 144, 145, 146, 147, 148, 149]
- 0 Quartet states:  []
- 0 Quintet states:  []
 
------------------------
 IMPROVED ACTIVE SPACE 
------------------------
Initial active space (HOMO = 17 ): [ 2 , 2 ] ; [16, 17]
Final active space (HOMO = 17 ): [ 14 , 42 ] ; [6, 9, 10, 11, 12, 13, 16, 17, 18, 21, 22, 23, 26, 27, 30, 31, 34, 35, 38, 39, 40, 43, 44, 47, 48, 51, 52, 55, 56, 57, 62, 65, 66, 67, 70, 71, 72, 75, 76, 79, 80, 81]
 
--------------------------------
 SUM-OVER-STATE ANALYSIS
--------------------------------
 state    gxx    gyy  gzz
     1  0.000  0.000  0.0
     2 -0.000  4.522  0.0
     3  4.522  0.000 -0.0
     4 -0.000 -0.523 -0.0
     5  0.523 -0.000 -0.0
     6 -0.000  0.000  0.0
     7  0.000  0.000 -0.0
     8 -0.000  0.000  0.0
     9  0.000  0.000 -0.0
    10 -0.000 -0.090  0.0
    11 -0.090  0.000 -0.0
    12  0.000 -0.651 -0.0
    13  0.651  0.000 -0.0
    14 -0.000 -0.000 -0.0
    15 -0.000  0.000  0.0
    16 -0.000  0.000  0.0
    17 -0.000 -0.000  0.0
    18  0.000  0.000 -0.0
    19 -0.000  0.000 -0.0
    20 -0.000  0.000 -0.0
    21  0.000  0.015  0.0
    22 -0.015  0.000  0.0
    23  0.000 -0.000  0.0
    24 -0.000  0.000  0.0
    25 -0.000  0.067 -0.0
    26 -0.067 -0.000 -0.0
    27  0.000 -0.007  0.0
    28  0.007  0.000  0.0
    29  0.000  0.000 -0.0
    30 -0.000  0.000  0.0
    31  0.000  0.000 -0.0
    32 -0.000  0.000 -0.0
    33  0.000  0.000 -0.0
    34  0.000 -0.180  0.0
    35  0.180  0.000  0.0
    36  0.000  0.018  0.0
    37  0.018 -0.000 -0.0
    38 -0.000  0.065 -0.0
    39 -0.065 -0.000 -0.0
    40  0.000 -0.000  0.0
    41 -0.000 -0.000 -0.0
    42  0.000 -0.000  0.0
    43 -0.000 -0.000 -0.0
    44 -0.000  0.000 -0.0
    45  0.000  0.000 -0.0
    46 -0.000  0.023 -0.0
    47 -0.023 -0.000 -0.0
    48  0.000 -0.098  0.0
    49  0.098  0.000  0.0
    50  0.000  0.000 -0.0
    51  0.000 -0.000  0.0
    52  0.000  0.000  0.0
    53  0.000  0.000  0.0
    54 -0.000 -0.000  0.0
    55  0.000 -0.000  0.0
    56 -0.000  0.038 -0.0
    57 -0.038 -0.000 -0.0
    58 -0.000 -0.000  0.0
    59 -0.000 -0.000 -0.0
    60  0.000  0.000  0.0
    61  0.000 -0.000  0.0
    62  0.000  0.003 -0.0
    63 -0.003  0.000 -0.0
    64 -0.000 -0.000  0.0
    65 -0.000 -0.000  0.0
    66  0.000  0.000  0.0
    67 -0.000  0.000  0.0
    68  0.000 -0.042 -0.0
    69  0.042  0.000 -0.0
    70 -0.000 -0.000 -0.0
    71  0.000 -0.000 -0.0
    72 -0.016 -0.000  0.0
    73 -0.000  0.016 -0.0
    74  0.000 -0.000 -0.0
    75 -0.000 -0.000  0.0
    76 -0.000 -0.000  0.0
    77  0.000 -0.000  0.0
    78  0.000  0.313  0.0
    79 -0.313  0.000  0.0
    80  0.000  0.000 -0.0
    81 -0.000 -0.000 -0.0
    82 -0.000  0.007  0.0
    83  0.007  0.000  0.0
    84 -0.000 -0.000 -0.0
    85  0.000 -0.000  0.0
    86  0.000 -0.000 -0.0
    87  0.000 -0.000 -0.0
    88 -0.000 -0.001 -0.0
    89 -0.001  0.000 -0.0
    90 -0.000 -0.271 -0.0
    91  0.271 -0.000 -0.0
    92 -0.000  0.000 -0.0
    93  0.000  0.000 -0.0
    94 -0.000  0.000 -0.0
    95  0.000 -0.000 -0.0
    96  0.000 -0.005  0.0
    97  0.005 -0.000  0.0
    98 -0.000  0.000  0.0
    99 -0.000  0.000  0.0
   100  0.001  0.000  0.0
   101 -0.000  0.001 -0.0
   102  0.000  0.000 -0.0
   103  0.000 -0.000  0.0
   104 -0.000 -0.000 -0.0
   105  0.000 -0.000 -0.0
   106 -0.000 -0.000  0.0
   107 -0.000 -0.000 -0.0
   108  0.000 -0.000 -0.0
   109 -0.000  0.000  0.0
   110  0.000  0.005 -0.0
   111 -0.005 -0.000  0.0
   112 -0.000 -0.000 -0.0
   113  0.000 -0.000 -0.0
   114 -0.000  0.000  0.0
   115  0.000  0.000 -0.0
   116  0.000 -0.000  0.0
   117  0.000 -0.000 -0.0
   118 -0.003  0.000 -0.0
   119 -0.000 -0.003  0.0
   120  0.000 -0.000  0.0
   121 -0.000 -0.000 -0.0
   122  0.000  0.000  0.0
   123 -0.000  0.000 -0.0
   124 -0.000 -0.011 -0.0
   125  0.011  0.000  0.0
   126  0.000 -0.000 -0.0
   127 -0.000  0.000 -0.0
   128  0.003 -0.000  0.0
   129 -0.000 -0.003  0.0
   130  0.000  0.000 -0.0
   131  0.000  0.000 -0.0
   132 -0.000  0.008 -0.0
   133 -0.008 -0.000 -0.0
   134 -0.000  0.000  0.0
   135  0.000  0.000  0.0
   136  0.040  0.000  0.0
   137 -0.000 -0.040 -0.0
   138 -0.002  0.000  0.0
   139  0.000  0.002  0.0
   140 -0.000  0.000 -0.0
   141 -0.000  0.000 -0.0
   142  0.000 -0.000 -0.0
   143 -0.000 -0.000 -0.0
   144  0.000 -0.000  0.0
   145  0.000  0.000  0.0
   146  0.000 -0.000  0.0
   147  0.000  0.000 -0.0
   148 -0.000 -0.000 -0.0
   149  0.000  0.000 -0.0

