--------------------------------------
     INPUT SECTION
--------------------------------------
File selected:  seo_2_2.out
Number of states selected:  135
Selected states selected:  [1, 2, 3, 4, 5, 6, 7, 8, 9, 10, 11, 12, 13, 14, 15, 16, 17, 18, 19, 20, 21, 22, 23, 24, 25, 26, 27, 28, 29, 30, 31, 32, 33, 34, 35, 36, 37, 38, 39, 40, 41, 42, 43, 44, 45, 46, 47, 48, 49, 50, 51, 52, 53, 54, 55, 56, 57, 58, 59, 60, 61, 62, 63, 64, 65, 66, 67, 68, 69, 70, 71, 72, 73, 74, 75, 76, 77, 78, 79, 80, 81, 82, 83, 84, 85, 86, 87, 88, 89, 90, 91, 92, 93, 94, 95, 96, 97, 98, 99, 100, 101, 102, 103, 104, 105, 106, 107, 108, 109, 110, 111, 112, 113, 114, 115, 116, 117, 118, 119, 120, 121, 122, 123, 124, 125, 126, 127, 128, 129, 130, 131, 132, 133, 134, 135]
 
------------------------
 RAS-CI RESULTS
------------------------
g-factor (x y z dimensions):
21.169 21.423 -7.105

------------------------
 EXCITED STATES ANALYSIS
------------------------
Configurations cut-off: 0.5
state config  sym  hole  part unpairedorb amplitude        e    socc     lk  s2
    1      1  1A2 99.96  0.04       20,22      0.75      0.0     0.0    0.0 2.0
    1      2  1A2 99.96  0.04       18,22      0.66      0.0     0.0    0.0 2.0
    2      1  1A1 99.89  0.11       19,22       1.0    1.775  103.61  0.687 2.0
    3      1  1B2   0.0   0.0       21,22       1.0    3.466 380.565 -1.191 2.0
    4      1  1B1 99.96  0.04       20,21       1.0    3.633 513.675  0.659 2.0
    6      1  2A1  0.62 99.38       21,23      0.95    8.543   2.481  0.016 2.0
    7      1  2B2 96.02  3.98       19,21      0.97   10.098  13.293 -0.046 2.0
    8      1  2B1 99.99  0.01       18,21       1.0   10.822 496.247 -0.637 2.0
    9      1  3B2 81.15 18.85       17,22      0.88   13.677  95.739  0.361 2.0
   10      1  3A1 69.67 30.33       17,21      0.83    14.38   2.481 -0.022 2.0
   10      2  3A1 69.67 30.33       21,27      0.51    14.38   2.481 -0.022 2.0
   11      1  4B2   0.5  99.5       21,24      0.98   16.008  10.557 -0.039 2.0
   12      1  4A1  1.07 98.93       21,26      0.94   16.241   0.769  0.005 2.0
   15      1  5B2  7.35 92.65       22,23      0.74   16.955  19.444 -0.057 2.0
   15      2  5B2  7.35 92.65       21,29      0.56   16.955  19.444 -0.057 2.0
   16      1  5A1 27.47 72.53       21,27      0.84   17.399    1.27  0.018 2.0
   16      2  5A1 27.47 72.53       17,21      0.52   17.399    1.27  0.018 2.0
   17      1  4B1   0.0 100.0       21,30      0.99   18.787   6.525 -0.014 2.0
   18      1  6B2 11.72 88.28       21,29      0.79   19.359  41.936   0.16 2.0
   18      2  6B2 11.72 88.28       22,23      0.46   19.359  41.936   0.16 2.0
   19      1  6A1  0.04 99.96       21,32      0.95   19.583   0.369  0.002 2.0
   20      1  7A1  0.25 99.75       21,31      0.94   21.482   0.163 -0.001 2.0
   21      1  7B2 92.53  7.47       16,22      0.93   22.869 106.469   0.47 2.0
   22      1  8A1  0.01 99.99       22,24      0.99   24.153   0.523 -0.002 2.0
   24      1  8B2  0.63 99.37       22,27      0.74   24.669  10.253  0.038 2.0
   24      2  8B2  0.63 99.37       22,26      0.62   24.669  10.253  0.038 2.0
   25      1  5B1   0.0 100.0       22,28       1.0   24.871   6.843 -0.019 2.0
   26      1  9B2  3.09 96.91       22,27      0.66   25.049  25.077 -0.089 2.0
   26      2  9B2  3.09 96.91       22,26      0.61   25.049  25.077 -0.089 2.0
   28      1 10B2  0.21 99.79       21,33      0.94   25.968   2.762  0.007 2.0
   29      1 10A1  0.27 99.73       21,35      0.96     26.0   0.666  0.003 2.0
   30      1  6B1   0.0 100.0       21,34       1.0   26.122    5.52  0.002 2.0
   32      1 11B2  0.58 99.42       22,31      0.91     26.6   4.567 -0.037 2.0
   33      1 12B2  4.94 95.06       22,32      0.94    27.59  30.529 -0.122 2.0
   34      1 11A1  99.6   0.4       16,21       1.0   29.314   0.287 -0.002 2.0
   35      1 12A1  0.15 99.85       22,33      0.96   30.223   0.118  0.002 2.0
   37      1 13B2  0.29 99.71       22,35      0.98   32.254   5.076  0.026 2.0
   38      1 13A1  0.02 99.98       21,36      0.99   32.722   0.314 -0.002 2.0
   39      1 14B2  0.23 99.77       22,36      0.88   39.602   5.176   0.01 2.0
   39      2 14B2  0.23 99.77       21,37      0.45   39.602   5.176   0.01 2.0
   40      1 15B2  0.31 99.69       21,37      0.89   39.818   7.743  0.011 2.0
   40      2 15B2  0.31 99.69       22,36      0.45   39.818   7.743  0.011 2.0
   41      1  7B1   0.0 100.0       21,38       1.0   40.504   2.843 -0.002 2.0
   42      1 14A1  0.29 99.71       21,39      0.99   41.142     3.7  0.007 2.0
   44      1 15A1  0.03 99.97       21,41      0.99   43.224   0.672 -0.001 2.0
   45      1 16A1  0.03 99.97       21,42      0.99    43.87   0.684 -0.004 2.0
   47      1 16B2  0.05 99.95       21,44      0.94   45.998   0.695 -0.004 2.0
   48      1  8B1  0.02 99.98       21,45      0.91   46.309   3.619  0.001 2.0
   49      1 17B2  0.02 99.98       21,46      0.94   46.571    0.59  0.004 2.0
   50      1 17A1  0.07 99.93       22,37      0.97   46.927   0.347  0.002 2.0
   51      1  9B1   0.0 100.0       21,47      0.91   47.176   4.946 -0.002 2.0
   53      1 18B2  0.03 99.97       21,48      0.99   48.415   3.086   0.01 2.0
   55      1 10B1   0.0 100.0       21,50      0.99   49.365   1.372 -0.003 2.0
   56      1 19B2  0.02 99.98       22,39      0.89    50.03   1.424 -0.009 2.0
   57      1 11B1   0.0 100.0       22,40      0.86   50.201   1.916  0.004 2.0
   57      2 11B1   0.0 100.0       22,43       0.5   50.201   1.916  0.004 2.0
   58      1 20B2  0.01 99.99       22,42      0.89   50.614   0.538  -0.01 2.0
   59      1 12B1   0.0 100.0       22,43      0.83   50.662   0.643  0.013 2.0
   59      2 12B1   0.0 100.0       22,40       0.5   50.662   0.643  0.013 2.0
   60      1 21B2  0.18 99.82       22,41      0.93    51.35   3.843  -0.01 2.0
   61      1 19A1  0.02 99.98       22,44      0.94   54.428   0.266 -0.004 2.0
   63      1 20A1   0.0 100.0       22,46      0.98   56.017   0.072 -0.001 2.0
   65      1 21A1  0.01 99.99       21,52      0.99   56.847   0.264  0.007 2.0
   68      1 22B2  0.02 99.98       22,49      0.97   58.064   1.126  0.007 2.0
   70      1 13B1   0.0 100.0       22,51      0.97   60.877   0.627  0.018 2.0
   71      1 23B2   0.0 100.0       22,52      0.97   60.895   0.318 -0.025 2.0
   72      1 23A1  0.03 99.97       21,53       1.0   62.627   0.581 -0.001 2.0
   75      1 24B2 99.96  0.04       12,21       1.0   63.824   4.844  0.003 2.0
   76      1 14B1 100.0   0.0       13,21       1.0   63.867   3.625 -0.003 2.0
   78      1 25B2 99.99  0.01       15,22       1.0   65.456 118.614 -0.077 2.0
   79      1 15B1 100.0   0.0       14,22       1.0   65.492  78.762 -0.066 2.0
   81      1 26A1 99.99  0.01       12,22       1.0   65.793  86.427  0.001 2.0
   82      1 26B2 99.89  0.11       11,22       1.0   65.844 116.107  0.031 2.0
   83      1 27B2  0.02 99.98       21,54      0.98   68.246   1.699 -0.007 2.0
   84      1 16B1   0.0 100.0       21,55       1.0   68.842    5.37  0.003 2.0
   85      1 27A1  0.01 99.99       21,56      0.99   69.598   0.001 -0.001 2.0
   86      1 28B2  0.19 99.81       22,53      0.86   69.719  10.136  0.011 2.0
   86      2 28B2  0.19 99.81       22,56      0.46   69.719  10.136  0.011 2.0
   87      1 28A1  0.02 99.98       22,54      0.99   71.985   1.168 -0.002 2.0
   90      1 29A1   0.0 100.0       22,57      0.99   88.074   0.887  0.001 2.0
   91      1 30B2  0.01 99.99       21,57       1.0    88.13   0.394 -0.001 2.0
   92      1 17B1   0.0 100.0       21,58       1.0   88.284   0.722  0.003 2.0
   95      1 31B2  0.02 99.98       22,59       1.0   91.496    1.27  0.015 2.0
  102      1 33B2   0.0 100.0       22,62      0.97  111.039   0.196 -0.014 2.0
  103      1 34B2   0.0 100.0       22,60       1.0  116.349   0.222 -0.003 2.0
  104      1 19B1   0.0 100.0       22,61       1.0   116.46   0.284  0.001 2.0
  107      1 35B2   0.0 100.0       22,65      0.97  118.948   0.582  0.003 2.0
  108      1 36B2   0.0 100.0       22,66       1.0  156.023    0.03  -0.03 2.0
  109      1 20B1   0.0 100.0       22,67       1.0  156.029   0.113  0.028 2.0
  110      1 35A1   0.0 100.0       21,66      0.96  156.357   0.433  0.002 2.0
  112      1 36A1   0.0 100.0       22,69      0.96  156.895   0.139  0.001 2.0
  114      1 37B2   0.0 100.0       21,69       1.0  157.038   0.001  0.013 2.0
  115      1 21B1   0.0 100.0       21,68       1.0  157.038   0.611 -0.013 2.0
  116      1 37A1   0.0 100.0       22,70      0.94  159.647   0.525 -0.001 2.0
  117      1 38B2   0.0 100.0       21,70      0.97  159.772   0.158 -0.003 2.0
  119      1 38A1   0.0 100.0       21,72      0.94  160.208    0.29 -0.001 2.0
  121      1 39B2   0.0 100.0       22,72      0.97  160.398   1.275  0.024 2.0
  122      1 40B2   0.0 100.0       22,73       1.0   186.06   0.285 -0.021 2.0
  123      1 23B1   0.0 100.0       22,74       1.0  186.063    0.02   0.02 2.0
  124      1 39A1   0.0 100.0       21,73       1.0  188.275   0.114  0.001 2.0
  126      1 40A1   0.0 100.0       22,76      0.77  191.772   0.022 -0.001 2.0
  126      2 40A1   0.0 100.0       21,75      0.63  191.772   0.022 -0.001 2.0
  127      1 41A1   0.0 100.0       21,75      0.77  192.246   0.081  0.001 2.0
  127      2 41A1   0.0 100.0       22,76      0.64  192.246   0.081  0.001 2.0
  129      1 41B2   0.0 100.0       21,76      0.94  193.893   0.219 -0.003 2.0
  130      1 24B1   0.0 100.0       21,77       1.0  194.333    2.26 -0.004 2.0
  131      1 42B2  0.01 99.99       22,75      0.92  194.794   0.911  0.018 2.0
  133      1 43B2   0.0 100.0       22,78      0.98  216.163   0.175 -0.013 2.0
  134      1 44B2   0.0 100.0       22,79       1.0 1214.448   0.029  0.004 2.0

States multiplicity: 
- 0 Singlet states:  []
- 0 Doublet states:  []
- 135 Triplet states:  [1, 2, 3, 4, 5, 6, 7, 8, 9, 10, 11, 12, 13, 14, 15, 16, 17, 18, 19, 20, 21, 22, 23, 24, 25, 26, 27, 28, 29, 30, 31, 32, 33, 34, 35, 36, 37, 38, 39, 40, 41, 42, 43, 44, 45, 46, 47, 48, 49, 50, 51, 52, 53, 54, 55, 56, 57, 58, 59, 60, 61, 62, 63, 64, 65, 66, 67, 68, 69, 70, 71, 72, 73, 74, 75, 76, 77, 78, 79, 80, 81, 82, 83, 84, 85, 86, 87, 88, 89, 90, 91, 92, 93, 94, 95, 96, 97, 98, 99, 100, 101, 102, 103, 104, 105, 106, 107, 108, 109, 110, 111, 112, 113, 114, 115, 116, 117, 118, 119, 120, 121, 122, 123, 124, 125, 126, 127, 128, 129, 130, 131, 132, 133, 134, 135]
- 0 Quartet states:  []
- 0 Quintet states:  []
 
------------------------
 IMPROVED ACTIVE SPACE 
------------------------
Initial active space (HOMO = 22 ): [ 2 , 2 ] ; [21, 22]
Final active space (HOMO = 22 ): [ 22 , 65 ] ; [11, 12, 13, 14, 15, 16, 17, 18, 19, 20, 21, 22, 23, 24, 26, 27, 28, 29, 30, 31, 32, 33, 34, 35, 36, 37, 38, 39, 40, 41, 42, 43, 44, 45, 46, 47, 48, 49, 50, 51, 52, 53, 54, 55, 56, 57, 58, 59, 60, 61, 62, 65, 66, 67, 68, 69, 70, 72, 73, 74, 75, 76, 77, 78, 79]
 
--------------------------------
 SUM-OVER-STATE ANALYSIS
--------------------------------
 state    gxx     gyy     gzz
     1  0.000   0.000   0.000
     2 -0.000  -0.000 -19.885
     3 64.842   0.000   0.000
     4 -0.000 -46.206   0.000
     5  0.000   0.000  -0.000
     6 -0.000  -0.000  -0.002
     7  0.030   0.000   0.000
     8 -0.000  14.484  -0.000
     9 -1.255  -0.000   0.000
    10  0.000  -0.000   0.002
    11  0.013   0.000  -0.000
    12  0.000  -0.000  -0.000
    13  0.000  -0.000  -0.000
    14  0.000   0.000   0.000
    15  0.032   0.000   0.000
    16  0.000   0.000  -0.001
    17  0.000   0.002  -0.000
    18 -0.172  -0.000   0.000
    19  0.000   0.000  -0.000
    20  0.000  -0.000   0.000
    21 -1.086  -0.000   0.000
    22 -0.000  -0.000   0.000
    23 -0.000   0.000  -0.000
    24 -0.008  -0.000   0.000
    25  0.000   0.003   0.000
    26  0.044   0.000  -0.000
    27 -0.000   0.000   0.000
    28 -0.000  -0.000   0.000
    29 -0.000  -0.000  -0.000
    30 -0.000  -0.000  -0.000
    31 -0.000   0.000  -0.000
    32  0.003   0.000  -0.000
    33  0.067   0.000  -0.000
    34  0.000  -0.000   0.000
    35  0.000  -0.000  -0.000
    36  0.000   0.000   0.000
    37 -0.002  -0.000   0.000
    38  0.000  -0.000   0.000
    39 -0.001  -0.000   0.000
    40 -0.001  -0.000   0.000
    41  0.000   0.000  -0.000
    42 -0.000   0.000  -0.000
    43  0.000   0.000  -0.000
    44 -0.000   0.000   0.000
    45  0.000   0.000   0.000
    46  0.000  -0.000  -0.000
    47  0.000   0.000   0.000
    48  0.000  -0.000  -0.000
    49 -0.000  -0.000  -0.000
    50  0.000   0.000  -0.000
    51  0.000   0.000   0.000
    52 -0.000  -0.000  -0.000
    53 -0.000  -0.000   0.000
    54 -0.000   0.000  -0.000
    55 -0.000   0.000   0.000
    56  0.000   0.000  -0.000
    57 -0.000  -0.000   0.000
    58  0.000  -0.000  -0.000
    59 -0.000  -0.000  -0.000
    60  0.000   0.000  -0.000
    61  0.000  -0.000   0.000
    62 -0.000  -0.000  -0.000
    63  0.000  -0.000   0.000
    64  0.000   0.000  -0.000
    65  0.000   0.000  -0.000
    66  0.000  -0.000   0.000
    67  0.000   0.000   0.000
    68 -0.000  -0.000   0.000
    69 -0.000   0.000  -0.000
    70  0.000  -0.000   0.000
    71  0.000   0.000   0.000
    72  0.000   0.000   0.000
    73  0.000  -0.000   0.000
    74  0.000   0.000   0.000
    75 -0.000   0.000   0.000
    76  0.000   0.000   0.000
    77 -0.000  -0.000  -0.000
    78  0.069   0.000  -0.000
    79 -0.000   0.039  -0.000
    80 -0.000  -0.000  -0.000
    81  0.000  -0.000  -0.001
    82 -0.027  -0.000  -0.000
    83  0.000   0.000   0.000
    84  0.000  -0.000   0.000
    85 -0.000   0.000   0.000
    86 -0.001  -0.000  -0.000
    87 -0.000  -0.000   0.000
    88 -0.000  -0.000  -0.000
    89  0.000   0.000  -0.000
    90  0.000  -0.000  -0.000
    91  0.000   0.000   0.000
    92 -0.000  -0.000  -0.000
    93  0.000   0.000   0.000
    94 -0.000   0.000  -0.000
    95 -0.000  -0.000  -0.000
    96 -0.000  -0.000  -0.000
    97 -0.000   0.000   0.000
    98  0.000  -0.000  -0.000
    99 -0.000   0.000  -0.000
   100  0.000  -0.000   0.000
   101  0.000   0.000  -0.000
   102  0.000   0.000  -0.000
   103  0.000   0.000   0.000
   104  0.000  -0.000   0.000
   105 -0.000  -0.000   0.000
   106  0.000   0.000  -0.000
   107 -0.000  -0.000  -0.000
   108  0.000   0.000  -0.000
   109  0.000  -0.000  -0.000
   110 -0.000   0.000  -0.000
   111  0.000   0.000  -0.000
   112 -0.000  -0.000  -0.000
   113  0.000   0.000   0.000
   114 -0.000  -0.000   0.000
   115 -0.000   0.000   0.000
   116  0.000   0.000   0.000
   117  0.000   0.000  -0.000
   118 -0.000   0.000   0.000
   119 -0.000  -0.000   0.000
   120  0.000   0.000   0.000
   121 -0.000  -0.000  -0.000
   122  0.000   0.000  -0.000
   123  0.000  -0.000   0.000
   124 -0.000   0.000  -0.000
   125  0.000   0.000  -0.000
   126 -0.000  -0.000   0.000
   127  0.000   0.000  -0.000
   128  0.000   0.000  -0.000
   129  0.000   0.000  -0.000
   130  0.000   0.000   0.000
   131 -0.000  -0.000  -0.000
   132 -0.000  -0.000  -0.000
   133  0.000   0.000   0.000
   134 -0.000  -0.000  -0.000
   135  0.000   0.000   0.000

