--------------------------------------
     INPUT SECTION
--------------------------------------
File selected:  crf_5_13.out
Number of states selected:  30
Selected states selected:  [1, 2, 3, 4, 5, 6, 7, 8, 9, 10, 11, 12, 13, 14, 15, 16, 17, 18, 19, 20, 21, 22, 23, 24, 25, 26, 27, 28, 29, 30]
 
------------------------
 RAS-CI RESULTS
------------------------
g-factor (x y z dimensions):
-36.794 -36.794 -0.153

------------------------
 EXCITED STATES ANALYSIS
------------------------
Configurations cut-off: 0.5
state config sym hole  part    unpairedorb amplitude     e    socc     lk   s2
    1      1 1A1 0.19  1.07 15,16,17,18,19      0.98   0.0     0.0    0.0 8.75
    2      1 1B2 0.43  9.52 15,16,18,19,20      0.65 0.764 325.815 -1.378 8.75
    2      2 1B2 0.43  9.52 15,16,18,19,28      0.52 0.764 325.815 -1.378 8.75
    2      3 1B2 0.43  9.52 15,16,18,19,29      0.38 0.764 325.815 -1.378 8.75
    3      1 1B1 0.43  9.52 15,17,18,19,20      0.65 0.764 325.814 -1.378 8.75
    3      2 1B1 0.43  9.52 15,17,18,19,28      0.52 0.764 325.814 -1.378 8.75
    3      3 1B1 0.43  9.52 15,17,18,19,29      0.38 0.764 325.814 -1.378 8.75
    7      1 2B2 0.15  99.5 16,17,18,19,22       0.9 4.977  81.485 -0.407 8.75
    8      1 2B1 0.15  99.5 16,17,18,19,21       0.9 4.977  81.486 -0.407 8.75
   10      1 3B2 0.87 25.55 16,18,19,20,28      0.58 6.793  73.962 -0.206 8.75
   10      2 3B2 0.87 25.55 16,18,19,20,29      0.48 6.793  73.962 -0.206 8.75
   10      3 3B2 0.87 25.55 16,18,19,20,23      0.36 6.793  73.962 -0.206 8.75
   11      1 3B1 0.87 25.55 17,18,19,20,28      0.58 6.793  73.957  0.206 8.75
   11      2 3B1 0.87 25.55 17,18,19,20,29      0.48 6.793  73.957  0.206 8.75
   11      3 3B1 0.87 25.55 17,18,19,20,23      0.36 6.793  73.957  0.206 8.75
   19      1 5B1 0.14 99.44 15,16,17,19,21      0.39 7.357  50.502 -0.225 8.75
   19      2 5B1 0.14 99.44 15,16,17,18,22      0.39 7.357  50.502 -0.225 8.75
   19      3 5B1 0.14 99.44 16,17,19,20,21      0.34 7.357  50.502 -0.225 8.75
   19      4 5B1 0.14 99.44 16,17,18,20,22      0.34 7.357  50.502 -0.225 8.75
   19      5 5B1 0.14 99.44 16,17,19,28,21      0.26 7.357  50.502 -0.225 8.75
   19      6 5B1 0.14 99.44 16,17,18,28,22      0.26 7.357  50.502 -0.225 8.75
   19      7 5B1 0.14 99.44 15,16,17,19,26      0.21 7.357  50.502 -0.225 8.75
   19      8 5B1 0.14 99.44 15,16,17,18,27      0.21 7.357  50.502 -0.225 8.75
   20      1 5B2 0.14 99.44 15,16,17,18,21      0.39 7.357    50.5  0.225 8.75
   20      2 5B2 0.14 99.44 15,16,17,19,22      0.39 7.357    50.5  0.225 8.75
   20      3 5B2 0.14 99.44 16,17,18,20,21      0.34 7.357    50.5  0.225 8.75
   20      4 5B2 0.14 99.44 16,17,19,20,22      0.34 7.357    50.5  0.225 8.75
   20      5 5B2 0.14 99.44 16,17,18,28,21      0.26 7.357    50.5  0.225 8.75
   20      6 5B2 0.14 99.44 16,17,19,28,22      0.26 7.357    50.5  0.225 8.75
   20      7 5B2 0.14 99.44 15,16,17,18,26      0.21 7.357    50.5  0.225 8.75
   20      8 5B2 0.14 99.44 15,16,17,19,27      0.21 7.357    50.5  0.225 8.75
   24      1 6B2 0.21 99.44 16,17,18,19,26      0.89 8.075  14.169 -0.156 8.75
   25      1 7B2 0.21 99.44 16,17,18,19,27      0.89 8.075   14.17 -0.156 8.75
   26      1 6B1 0.63 79.48 17,18,19,28,23      0.52 8.768   5.887 -0.066 8.75
   26      2 6B1 0.63 79.48 17,18,19,20,23      0.48 8.768   5.887 -0.066 8.75
   26      3 6B1 0.63 79.48 17,18,19,20,28      0.35 8.768   5.887 -0.066 8.75
   26      4 6B1 0.63 79.48 15,17,18,19,23      0.33 8.768   5.887 -0.066 8.75
   26      5 6B1 0.63 79.48 17,18,19,29,23      0.33 8.768   5.887 -0.066 8.75
   27      1 7B1 0.63 79.48 16,18,19,28,23      0.52 8.768   5.879  0.066 8.75
   27      2 7B1 0.63 79.48 16,18,19,20,23      0.48 8.768   5.879  0.066 8.75
   27      3 7B1 0.63 79.48 16,18,19,20,28      0.35 8.768   5.879  0.066 8.75
   27      4 7B1 0.63 79.48 15,16,18,19,23      0.33 8.768   5.879  0.066 8.75
   27      5 7B1 0.63 79.48 16,18,19,29,23      0.33 8.768   5.879  0.066 8.75

States multiplicity: 
- 0 Singlet states:  []
- 0 Doublet states:  []
- 0 Triplet states:  []
- 0 Quartet states:  []
- 0 Quintet states:  []
 
------------------------
 IMPROVED ACTIVE SPACE 
------------------------
Initial active space (HOMO = 19 ): [ 5 , 13 ] ; [15, 16, 17, 18, 19, 20, 28, 29, 39, 40, 47, 48, 49]
Final active space (HOMO = 19 ): [ 5 , 13 ] ; [15, 16, 17, 18, 19, 20, 21, 22, 23, 26, 27, 28, 29]
 
--------------------------------
 SUM-OVER-STATE ANALYSIS
--------------------------------
 state     gxx     gyy  gzz
     1   0.000   0.000  0.0
     2  71.628 291.425  0.0
     3 291.425 -71.628  0.0
     4  -0.000  -0.000 -0.0
     5  -0.000  -0.000 -0.0
     6  -0.000   0.000  0.0
     7   0.624   3.307  0.0
     8   3.307  -0.624  0.0
     9   0.000   0.000  0.0
    10   0.271   1.111 -0.0
    11  -1.111   0.271  0.0
    12  -0.000  -0.000  0.0
    13   0.000  -0.000  0.0
    14  -0.000  -0.000 -0.0
    15   0.000  -0.000 -0.0
    16  -0.000  -0.000  0.0
    17  -0.000   0.000 -0.0
    18  -0.000  -0.000  0.0
    19   0.767  -0.187 -0.0
    20  -0.187  -0.767  0.0
    21   0.000   0.000 -0.0
    22   0.000   0.000 -0.0
    23   0.000  -0.000  0.0
    24   0.136  -0.033  0.0
    25   0.033   0.136  0.0
    26   0.022  -0.005 -0.0
    27  -0.005  -0.022  0.0
    28   0.000   0.000  0.0
    29   0.000  -0.000  0.0
    30   0.000  -0.000  0.0

