--------------------------------------
     INPUT SECTION
--------------------------------------
File selected:  gaas_3_7.out
Number of states selected:  30
Selected states selected:  [1, 2, 3, 4, 5, 6, 7, 8, 9, 10, 11, 12, 13, 14, 15, 16, 17, 18, 19, 20, 21, 22, 23, 24, 25, 26, 27, 28, 29, 30]
 
------------------------
 RAS-CI RESULTS
------------------------
g-factor (x y z dimensions):
-10.086 -6.978 -0.042

------------------------
 EXCITED STATES ANALYSIS
------------------------
Configurations cut-off: 0.5
state config sym  hole  part unpairedorb amplitude      e    socc     lk   s2
    1      1 1A2   0.0  0.01    31,32,33       1.0    0.0     0.0    0.0 3.75
    2      1 1B1  2.34 97.66    32,33,35      0.96  5.125 406.262 -0.804 3.75
    3      1 1B2  2.34 97.66    32,33,34      0.96  5.125 406.262 -0.804 3.75
    9      1 2B1 53.51 46.48    31,32,36       0.6  6.501 351.375  0.367 3.75
    9      2 2B1 53.51 46.48    30,31,32      0.55  6.501 351.375  0.367 3.75
    9      3 2B1 53.51 46.48    29,31,32      0.47  6.501 351.375  0.367 3.75
   10      1 2B2 53.51 46.48    31,33,36       0.6  6.501 351.377  0.367 3.75
   10      2 2B2 53.51 46.48    30,31,33      0.55  6.501 351.377  0.367 3.75
   10      3 2B2 53.51 46.48    29,31,33      0.47  6.501 351.377  0.367 3.75
   11      1 3B1 36.89 63.11    31,32,36      0.72  7.105 409.626 -0.449 3.75
   11      2 3B1 36.89 63.11    30,31,32      0.51  7.105 409.626 -0.449 3.75
   12      1 3B2 36.89 63.11    31,33,36      0.72  7.105 409.627 -0.449 3.75
   12      2 3B2 36.89 63.11    30,31,33      0.51  7.105 409.627 -0.449 3.75
   15      1 4B1 85.07 14.93    29,31,32      0.66  9.377 187.335   0.47 3.75
   15      2 4B1 85.07 14.93    30,31,32      0.63  9.377 187.335   0.47 3.75
   16      1 4B2 85.07 14.93    29,31,33      0.66  9.377 187.335  -0.47 3.75
   16      2 4B2 85.07 14.93    30,31,33      0.63  9.377 187.335  -0.47 3.75
   17      1 5B1  1.45 98.55    31,32,37      0.89 10.265  38.271  0.509 3.75
   18      1 5B2  1.45 98.55    31,33,37      0.89 10.265  38.275  0.509 3.75
   24      1 7B1  0.05 99.95    32,33,41      0.76   11.2  43.824   0.22 3.75
   25      1 7B2  0.05 99.95    32,33,40      0.76   11.2  43.824   0.22 3.75
   30      1 8B1  11.1  88.9    31,32,39      0.49 13.027 323.614  1.112 3.75
   30      2 8B1  11.1  88.9    31,33,38      0.49 13.027 323.614  1.112 3.75
   30      3 8B1  11.1  88.9    32,33,41       0.4 13.027 323.614  1.112 3.75
   30      4 8B1  11.1  88.9    31,32,43      0.34 13.027 323.614  1.112 3.75
   30      5 8B1  11.1  88.9    29,31,32      0.32 13.027 323.614  1.112 3.75

States multiplicity: 
- 0 Singlet states:  []
- 0 Doublet states:  []
- 0 Triplet states:  []
- 30 Quartet states:  [1, 2, 3, 4, 5, 6, 7, 8, 9, 10, 11, 12, 13, 14, 15, 16, 17, 18, 19, 20, 21, 22, 23, 24, 25, 26, 27, 28, 29, 30]
- 0 Quintet states:  []
 
------------------------
 IMPROVED ACTIVE SPACE 
------------------------
Initial active space (HOMO = 33 ): [ 3 , 7 ] ; [31, 32, 33, 79, 80, 83, 86]
Final active space (HOMO = 33 ): [ 7 , 14 ] ; [29, 30, 31, 32, 33, 34, 35, 36, 37, 38, 39, 40, 41, 43]
 
--------------------------------
 SUM-OVER-STATE ANALYSIS
--------------------------------
 state    gxx     gyy  gzz
     1  0.000   0.000  0.0
     2  4.701  31.603 -0.0
     3 31.603  -4.701  0.0
     4 -0.000  -0.000  0.0
     5  0.000   0.000 -0.0
     6 -0.000   0.000  0.0
     7  0.000  -0.000 -0.0
     8 -0.000  -0.000 -0.0
     9 -1.603  -9.828  0.0
    10 -9.828   1.603 -0.0
    11  2.067  12.843  0.0
    12 12.843  -2.067 -0.0
    13  0.000   0.000  0.0
    14  0.000   0.000 -0.0
    15 -0.759  -4.659  0.0
    16  4.659  -0.759  0.0
    17 -0.163  -0.940 -0.0
    18 -0.940   0.163  0.0
    19 -0.000  -0.000 -0.0
    20  0.000  -0.000  0.0
    21 -0.000  -0.000  0.0
    22 -0.000  -0.000  0.0
    23  0.000  -0.000 -0.0
    24 -0.077  -0.428  0.0
    25 -0.428   0.077  0.0
    26 -0.000  -0.000 -0.0
    27  0.000  -0.000  0.0
    28 -0.000   0.000 -0.0
    29 -0.000  -0.000  0.0
    30 -2.431 -13.699  0.0

