--------------------------------------
     INPUT SECTION
--------------------------------------
File selected:  mnbr_10_13_noholenopart.out
Number of states selected:  30
Selected states selected:  [1, 2, 3, 4, 5, 6, 7, 8, 9, 10, 11, 12, 13, 14, 15, 16, 17, 18, 19, 20, 21, 22, 23, 24, 25, 26, 27, 28, 29, 30]
 
------------------------
 RAS-CI RESULTS
------------------------
g-factor (x y z dimensions):
0.025 0.025 -0.001

------------------------
 EXCITED STATES ANALYSIS
------------------------
Configurations cut-off: 0.5
state config sym hole part             unpairedorb amplitude      e    socc     lk   s2
    1      1 1A1  0.0  0.0       28,29,30,31,32,33       1.0    0.0     0.0    0.0 12.0
    2      1 1B2  0.0  0.0       27,28,29,30,31,32      0.87  7.474 304.783  0.102 12.0
    2      2 1B2  0.0  0.0       27,28,29,30,31,33      0.48  7.474 304.783  0.102 12.0
    3      1 1B1  0.0  0.0       26,28,29,30,31,32      0.87  7.474 304.783 -0.102 12.0
    3      2 1B1  0.0  0.0       26,28,29,30,31,33      0.48  7.474 304.783 -0.102 12.0
    4      1 2B2  0.0  0.0       27,28,29,30,31,33      0.84 12.032 277.816 -0.165 12.0
    4      2 2B2  0.0  0.0       27,28,29,30,31,32      0.48 12.032 277.816 -0.165 12.0
    5      1 2B1  0.0  0.0       26,28,29,30,31,33      0.84 12.032 277.816  0.165 12.0
    5      2 2B1  0.0  0.0       26,28,29,30,31,32      0.48 12.032 277.816  0.165 12.0
    8      1 4B1  0.0  0.0       26,29,30,31,32,33       0.7 12.777  14.928  0.217 12.0
    8      2 4B1  0.0  0.0       27,28,30,31,32,33       0.7 12.777  14.928  0.217 12.0
    9      1 4B2  0.0  0.0       27,29,30,31,32,33       0.7 12.777  14.928  0.217 12.0
    9      2 4B2  0.0  0.0       26,28,30,31,32,33       0.7 12.777  14.928  0.217 12.0
   16      1 5B2  0.0  0.0       26,27,28,29,31,32      0.89 29.195  11.189  0.003 12.0
   17      1 5B1  0.0  0.0       26,27,28,29,30,32      0.89 29.195   11.19 -0.003 12.0
   20      1 6B1  0.0  0.0 26,28,29,30,31,32,33,55      0.89 29.963  184.21  0.247 12.0
   21      1 6B2  0.0  0.0 27,28,29,30,31,32,33,55      0.89 29.963 184.209 -0.247 12.0
   22      1 7B2  0.0  0.0 27,28,29,30,31,32,33,55      0.79 31.509   1.023   0.04 12.0
   22      2 7B2  0.0  0.0       27,28,29,30,31,55      0.39 31.509   1.023   0.04 12.0
   23      1 7B1  0.0  0.0 26,28,29,30,31,32,33,55      0.79 31.509   1.025  -0.04 12.0
   23      2 7B1  0.0  0.0       26,28,29,30,31,55      0.39 31.509   1.025  -0.04 12.0
   24      1 8B2  0.0  0.0 27,28,29,30,31,32,33,55      0.76 32.637 103.723 -0.261 12.0
   25      1 8B1  0.0  0.0 26,28,29,30,31,32,33,55      0.76 32.637 103.721  0.261 12.0
   26      1 9B2  0.0  0.0       28,29,30,32,33,55      0.56  33.66  97.904  -0.01 12.0
   26      2 9B2  0.0  0.0       26,28,29,32,33,55      0.47  33.66  97.904  -0.01 12.0
   26      3 9B2  0.0  0.0 27,28,29,30,31,32,33,55      0.39  33.66  97.904  -0.01 12.0
   26      4 9B2  0.0  0.0 27,28,29,30,31,32,33,55      0.32  33.66  97.904  -0.01 12.0
   27      1 9B1  0.0  0.0       28,29,31,32,33,55      0.56  33.66  97.929   0.01 12.0
   27      2 9B1  0.0  0.0       27,28,29,32,33,55      0.47  33.66  97.929   0.01 12.0
   27      3 9B1  0.0  0.0 26,28,29,30,31,32,33,55      0.39  33.66  97.929   0.01 12.0
   27      4 9B1  0.0  0.0 26,28,29,30,31,32,33,55      0.32  33.66  97.929   0.01 12.0

States multiplicity: 
- 0 Singlet states:  []
- 0 Doublet states:  []
- 0 Triplet states:  []
- 0 Quartet states:  []
- 0 Quintet states:  []
 
------------------------
 IMPROVED ACTIVE SPACE 
------------------------
Initial active space (HOMO = 33 ): [ 10 , 13 ] ; [26, 27, 28, 29, 30, 31, 32, 33, 55, 60, 61, 63, 64]
Final active space (HOMO = 33 ): [ 10 , 9 ] ; [26, 27, 28, 29, 30, 31, 32, 33, 55]
 
--------------------------------
 SUM-OVER-STATE ANALYSIS
--------------------------------
 state    gxx    gyy  gzz
     1  0.000  0.000  0.0
     2 -0.000 -2.066 -0.0
     3  2.066 -0.000  0.0
     4 -0.000  1.892  0.0
     5 -1.892 -0.000 -0.0
     6 -0.000 -0.000 -0.0
     7  0.000 -0.000  0.0
     8 -0.126  0.000 -0.0
     9 -0.000 -0.126 -0.0
    10  0.000  0.000  0.0
    11 -0.000 -0.000 -0.0
    12  0.000 -0.000  0.0
    13  0.000 -0.000  0.0
    14  0.000  0.000 -0.0
    15  0.000  0.000  0.0
    16 -0.000 -0.001  0.0
    17  0.001 -0.000  0.0
    18  0.000 -0.000 -0.0
    19  0.000 -0.000 -0.0
    20 -0.753 -0.000 -0.0
    21 -0.000  0.753 -0.0
    22 -0.000 -0.001 -0.0
    23  0.001 -0.000 -0.0
    24 -0.000  0.412  0.0
    25 -0.412 -0.000  0.0
    26  0.000  0.015 -0.0
    27 -0.015  0.000 -0.0
    28  0.000 -0.000 -0.0
    29  0.000  0.000 -0.0
    30 -0.000 -0.000 -0.0

