--------------------------------------
     INPUT SECTION
--------------------------------------
File selected:  mncl_6_10.out
Number of states selected:  30
Selected states selected:  [1, 2, 3, 4, 5, 6, 7, 8, 9, 10, 11, 12, 13, 14, 15, 16, 17, 18, 19, 20, 21, 22, 23, 24, 25, 26, 27, 28, 29, 30]
 
------------------------
 RAS-CI RESULTS
------------------------
g-factor (x y z dimensions):
-1.202 -1.202 -0.001

------------------------
 EXCITED STATES ANALYSIS
------------------------
Configurations cut-off: 0.5
state config sym  hole  part       unpairedorb amplitude      e    socc     lk   s2
    1      1 1A1  0.04  0.45 19,20,21,22,23,24       1.0    0.0     0.0    0.0 12.0
    2      1 1B2  0.07  99.7 19,20,21,22,23,26      0.95  4.646 168.043 -0.759 12.0
    3      1 1B1  0.07  99.7 19,20,21,22,23,25      0.95  4.646 168.043 -0.759 12.0
    6      1 2B2 99.82  0.18 18,19,20,21,22,23      0.84  8.642  42.618  0.139 12.0
    6      2 2B2 99.82  0.18 18,19,20,22,23,24      0.53  8.642  42.618  0.139 12.0
    7      1 2B1 99.82  0.18 17,19,20,21,22,23      0.84  8.642  42.618 -0.139 12.0
    7      2 2B1 99.82  0.18 17,19,20,22,23,24      0.53  8.642  42.618 -0.139 12.0
   11      1 3B1  0.07  99.6 19,20,21,22,23,31      0.93  9.789  78.262  0.004 12.0
   12      1 3B2  0.07  99.6 19,20,21,22,23,32      0.93  9.789  78.262 -0.004 12.0
   13      1 4B2  0.14 99.07 19,20,22,23,24,26      0.93  10.68  21.054 -0.196 12.0
   14      1 4B1  0.14 99.07 19,20,22,23,24,25      0.93  10.68  21.054 -0.196 12.0
   20      1 5B1  0.55 98.71 20,21,22,23,24,25      0.69 11.417  37.002 -0.451 12.0
   20      2 5B1  0.55 98.71 19,21,22,23,24,26      0.69 11.417  37.002 -0.451 12.0
   21      1 7B2  0.55 98.71 19,21,22,23,24,25      0.69 11.417  37.002  0.451 12.0
   21      2 7B2  0.55 98.71 20,21,22,23,24,26      0.69 11.417  37.002  0.451 12.0
   23      1 6B1 99.16  0.83 16,19,20,21,23,24      0.96 12.503  96.908 -0.459 12.0
   24      1 8B2 99.16  0.83 16,19,20,21,22,24      0.96 12.503  96.908 -0.459 12.0

States multiplicity: 
- 0 Singlet states:  []
- 0 Doublet states:  []
- 0 Triplet states:  []
- 0 Quartet states:  []
- 0 Quintet states:  []
 
------------------------
 IMPROVED ACTIVE SPACE 
------------------------
Initial active space (HOMO = 24 ): [ 6 , 10 ] ; [19, 20, 21, 22, 23, 24, 44, 45, 48, 49]
Final active space (HOMO = 24 ): [ 12 , 13 ] ; [16, 17, 18, 19, 20, 21, 22, 23, 24, 25, 26, 31, 32]
 
--------------------------------
 SUM-OVER-STATE ANALYSIS
--------------------------------
 state    gxx    gyy  gzz
     1  0.000  0.000  0.0
     2  0.005 13.612  0.0
     3 13.612 -0.005 -0.0
     4  0.000  0.000  0.0
     5 -0.000 -0.000 -0.0
     6 -0.000 -0.340  0.0
     7  0.340 -0.000  0.0
     8 -0.000 -0.000 -0.0
     9 -0.000 -0.000  0.0
    10 -0.000 -0.000  0.0
    11 -0.018 -0.000  0.0
    12 -0.000  0.018  0.0
    13 -0.000  0.192 -0.0
    14  0.192  0.000  0.0
    15 -0.000 -0.000 -0.0
    16  0.000 -0.000  0.0
    17  0.000  0.000 -0.0
    18 -0.000  0.000 -0.0
    19 -0.000  0.000 -0.0
    20  0.725 -0.000 -0.0
    21 -0.000 -0.725 -0.0
    22  0.000  0.000 -0.0
    23  1.766 -0.000  0.0
    24  0.000  1.766  0.0
    25 -0.000  0.000 -0.0
    26 -0.000  0.000 -0.0
    27 -0.000 -0.000 -0.0
    28  0.000  0.000 -0.0
    29 -0.000 -0.000 -0.0
    30  0.000 -0.000 -0.0

