--------------------------------------
     INPUT SECTION
--------------------------------------
File selected:  ni_4_12.out
Number of states selected:  200
Selected states selected:  [1, 2, 3, 4, 5, 6, 7, 8, 9, 10, 11, 12, 13, 14, 15, 16, 17, 18, 19, 20, 21, 22, 23, 24, 25, 26, 27, 28, 29, 30, 31, 32, 33, 34, 35, 36, 37, 38, 39, 40, 41, 42, 43, 44, 45, 46, 47, 48, 49, 50, 51, 52, 53, 54, 55, 56, 57, 58, 59, 60, 61, 62, 63, 64, 65, 66, 67, 68, 69, 70, 71, 72, 73, 74, 75, 76, 77, 78, 79, 80, 81, 82, 83, 84, 85, 86, 87, 88, 89, 90, 91, 92, 93, 94, 95, 96, 97, 98, 99, 100, 101, 102, 103, 104, 105, 106, 107, 108, 109, 110, 111, 112, 113, 114, 115, 116, 117, 118, 119, 120, 121, 122, 123, 124, 125, 126, 127, 128, 129, 130, 131, 132, 133, 134, 135, 136, 137, 138, 139, 140, 141, 142, 143, 144, 145, 146, 147, 148, 149, 150, 151, 152, 153, 154, 155, 156, 157, 158, 159, 160, 161, 162, 163, 164, 165, 166, 167, 168, 169, 170, 171, 172, 173, 174, 175, 176, 177, 178, 179, 180, 181, 182, 183, 184, 185, 186, 187, 188, 189, 190, 191, 192, 193, 194, 195, 196, 197, 198, 199, 200]
 
------------------------
 RAS-CI RESULTS
------------------------
g-factor (x y z dimensions):
1.861 1.861 -0.001

------------------------
 EXCITED STATES ANALYSIS
------------------------
Configurations cut-off: 0.5
state config  sym  hole  part unpairedorb amplitude      e   socc     lk  s2
    1      1  1A2  1.98  1.62       16,17      0.97    0.0    0.0    0.0 2.0
    2      1  1B2  5.56  3.35       13,17      0.87  3.962 27.848 -0.923 2.0
    3      1  1B1  5.56  3.35       13,16      0.87  3.962 27.848 -0.923 2.0
    4      1  2B1 32.92  3.98       16,18      0.74  4.303 27.228  0.708 2.0
    4      2  2B1 32.92  3.98 15,16,17,18      0.41  4.303 27.228  0.708 2.0
    5      1  2B2 32.92  3.98       17,18      0.74  4.303 27.228 -0.708 2.0
    5      2  2B2 32.92  3.98 14,16,17,18      0.41  4.303 27.228 -0.708 2.0
   14      1  4B1 91.23  1.23 15,16,17,18      0.64  7.387 22.169  0.167 2.0
   14      2  4B1 91.23  1.23 15,16,17,18      0.49  7.387 22.169  0.167 2.0
   14      3  4B1 91.23  1.23       14,18      0.41  7.387 22.169  0.167 2.0
   15      1  4B2 91.23  1.23 14,16,17,18      0.64  7.387 22.169 -0.167 2.0
   15      2  4B2 91.23  1.23 14,16,17,18      0.49  7.387 22.169 -0.167 2.0
   15      3  4B2 91.23  1.23       15,18      0.41  7.387 22.169 -0.167 2.0
   18      1  5B1 99.07  0.28 15,16,17,18      0.84  7.489  5.957  0.747 2.0
   19      1  5B2 99.07  0.28 14,16,17,18      0.84  7.489  5.958  0.747 2.0
   23      1  8B2 76.78  4.89       15,18      0.59  9.173   16.1 -0.051 2.0
   23      2  8B2 76.78  4.89 14,16,17,18      0.49  9.173   16.1 -0.051 2.0
   23      3  8B2 76.78  4.89       17,18       0.3  9.173   16.1 -0.051 2.0
   24      1  6B1 76.78  4.89       14,18      0.59  9.173   16.1  0.051 2.0
   24      2  6B1 76.78  4.89 15,16,17,18      0.49  9.173   16.1  0.051 2.0
   24      3  6B1 76.78  4.89       16,18       0.3  9.173   16.1  0.051 2.0
   26      1  9B2 86.34   3.1       15,18      0.67 10.059  8.263 -0.009 2.0
   26      2  9B2 86.34   3.1       15,18      0.58 10.059  8.263 -0.009 2.0
   27      1  7B1 86.34   3.1       14,18      0.67 10.059  8.263  0.009 2.0
   27      2  7B1 86.34   3.1       14,18      0.58 10.059  8.263  0.009 2.0
   31      1  8B1 31.05   7.4       16,18      0.74 11.687  14.12  0.106 2.0
   31      2  8B1 31.05   7.4       12,16      0.44 11.687  14.12  0.106 2.0
   32      1 10B2 31.05   7.4       17,18      0.74 11.687  14.12  0.106 2.0
   32      2 10B2 31.05   7.4       12,17      0.44 11.687  14.12  0.106 2.0
   47      1 12B2  69.9 10.52       12,17      0.59 13.788  0.595  0.063 2.0
   47      2 12B2  69.9 10.52       17,18      0.42 13.788  0.595  0.063 2.0
   47      3 12B2  69.9 10.52       11,17      0.39 13.788  0.595  0.063 2.0
   48      1 10B1  69.9 10.52       12,16      0.59 13.788  0.595  0.063 2.0
   48      2 10B1  69.9 10.52       16,18      0.42 13.788  0.595  0.063 2.0
   48      3 10B1  69.9 10.52       11,16      0.39 13.788  0.595  0.063 2.0
   57      1 15B2  85.2  9.87       15,13      0.73 15.107  4.049  0.141 2.0
   57      2 15B2  85.2  9.87       15,18      0.47 15.107  4.049  0.141 2.0
   58      1 13B1  85.2  9.87       14,13      0.73 15.107  4.049 -0.141 2.0
   58      2 13B1  85.2  9.87       14,18      0.47 15.107  4.049 -0.141 2.0
   60      1 16B2  0.83 98.88 13,16,17,19      0.83  15.19  9.228  0.046 2.0
   61      1 14B1  0.83 98.88 13,16,17,20      0.83  15.19  9.228 -0.046 2.0
   62      1 17B2  5.96 89.76       17,21      0.64 15.454 14.186 -0.585 2.0
   62      2 17B2  5.96 89.76       17,26      0.46 15.454 14.186 -0.585 2.0
   62      3 17B2  5.96 89.76       17,27      0.32 15.454 14.186 -0.585 2.0
   63      1 15B1  5.96 89.76       16,21      0.64 15.454 14.186  0.585 2.0
   63      2 15B1  5.96 89.76       16,26      0.46 15.454 14.186  0.585 2.0
   63      3 15B1  5.96 89.76       16,27      0.32 15.454 14.186  0.585 2.0
   64      1 18B2 87.59  6.25 14,13,16,17      0.52 15.561  0.624 -0.146 2.0
   64      2 18B2 87.59  6.25 14,13,16,17      0.47 15.561  0.624 -0.146 2.0
   64      3 18B2 87.59  6.25       15,13      0.42 15.561  0.624 -0.146 2.0
   65      1 16B1 87.59  6.25 15,13,16,17      0.52 15.561  0.624 -0.146 2.0
   65      2 16B1 87.59  6.25 15,13,16,17      0.47 15.561  0.624 -0.146 2.0
   65      3 16B1 87.59  6.25       14,13      0.42 15.561  0.624 -0.146 2.0
   74      1 20B2 98.74  1.08 14,13,16,17      0.82 16.145  0.656  0.059 2.0
   74      2 20B2 98.74  1.08 14,13,16,17      0.46 16.145  0.656  0.059 2.0
   75      1 18B1 98.74  1.08 15,13,16,17      0.82 16.145  0.656  0.059 2.0
   75      2 18B1 98.74  1.08 15,13,16,17      0.46 16.145  0.656  0.059 2.0
   90      1 23B2   4.1 94.97       17,27      0.52 16.896 10.199  0.833 2.0
   90      2 23B2   4.1 94.97       17,26      0.51 16.896 10.199  0.833 2.0
   90      3 23B2   4.1 94.97       17,21       0.5 16.896 10.199  0.833 2.0
   91      1 19B1   4.1 94.97       16,27      0.52 16.896 10.199 -0.833 2.0
   91      2 19B1   4.1 94.97       16,26      0.51 16.896 10.199 -0.833 2.0
   91      3 19B1   4.1 94.97       16,21       0.5 16.896 10.199 -0.833 2.0
   95      1 24B2  1.92 95.95 13,16,17,24      0.64 17.087  7.807  0.209 2.0
   95      2 24B2  1.92 95.95 13,16,17,24      0.42 17.087  7.807  0.209 2.0
   96      1 20B1  1.92 95.95 13,16,17,25      0.64 17.087  7.807  0.209 2.0
   96      2 20B1  1.92 95.95 13,16,17,25      0.42 17.087  7.807  0.209 2.0
   99      1 27B2  1.44 98.26       17,23      0.58 17.272  4.119  0.505 2.0
   99      2 27B2  1.44 98.26       16,22      0.58 17.272  4.119  0.505 2.0
  100      1 21B1  1.44 98.26       17,22      0.58 17.272   4.12 -0.505 2.0
  100      2 21B1  1.44 98.26       16,23      0.58 17.272   4.12 -0.505 2.0
  101      1 28B2  0.86 98.92 13,16,17,19      0.76 17.332  5.219  0.079 2.0
  101      2 28B2  0.86 98.92 13,16,17,19      0.39 17.332  5.219  0.079 2.0
  102      1 22B1  0.86 98.92 13,16,17,20      0.76 17.332  5.219 -0.079 2.0
  102      2 22B1  0.86 98.92 13,16,17,20      0.39 17.332  5.219 -0.079 2.0
  104      1 29B2  5.29 94.14       13,20      0.51 17.545  0.674 -0.065 2.0
  104      2 29B2  5.29 94.14 13,16,17,19      0.46 17.545  0.674 -0.065 2.0
  104      3 29B2  5.29 94.14 13,16,17,19      0.46 17.545  0.674 -0.065 2.0
  104      4 29B2  5.29 94.14       13,20      0.41 17.545  0.674 -0.065 2.0
  105      1 23B1  5.29 94.14       13,19      0.51 17.545  0.674 -0.065 2.0
  105      2 23B1  5.29 94.14 13,16,17,20      0.46 17.545  0.674 -0.065 2.0
  105      3 23B1  5.29 94.14 13,16,17,20      0.46 17.545  0.674 -0.065 2.0
  105      4 23B1  5.29 94.14       13,19      0.41 17.545  0.674 -0.065 2.0
  110      1 26B1 44.85 52.74       14,13      0.51 17.826  3.788 -0.255 2.0
  110      2 26B1 44.85 52.74       16,26      0.41 17.826  3.788 -0.255 2.0
  110      3 26B1 44.85 52.74       16,27      0.38 17.826  3.788 -0.255 2.0
  110      4 26B1 44.85 52.74 15,13,16,17      0.28 17.826  3.788 -0.255 2.0
  111      1 32B2 44.85 52.74       15,13      0.51 17.826  3.788  0.255 2.0
  111      2 32B2 44.85 52.74       17,26      0.41 17.826  3.788  0.255 2.0
  111      3 32B2 44.85 52.74       17,27      0.38 17.826  3.788  0.255 2.0
  111      4 32B2 44.85 52.74 14,13,16,17      0.28 17.826  3.788  0.255 2.0
  113      1 27B1 44.57 52.88       14,13      0.52 17.999  9.806  0.192 2.0
  113      2 27B1 44.57 52.88       16,27      0.52 17.999  9.806  0.192 2.0
  113      3 27B1 44.57 52.88       16,26      0.39 17.999  9.806  0.192 2.0
  114      1 33B2 44.57 52.88       15,13      0.52 17.999  9.806 -0.192 2.0
  114      2 33B2 44.57 52.88       17,27      0.52 17.999  9.806 -0.192 2.0
  114      3 33B2 44.57 52.88       17,26      0.39 17.999  9.806 -0.192 2.0
  119      1 28B1  4.59 95.14 13,16,17,25      0.75 18.245 15.325  0.078 2.0
  119      2 28B1  4.59 95.14 13,16,17,25      0.43 18.245 15.325  0.078 2.0
  120      1 34B2  4.59 95.14 13,16,17,24      0.75 18.245 15.325  0.078 2.0
  120      2 34B2  4.59 95.14 13,16,17,24      0.43 18.245 15.325  0.078 2.0
  132      1 30B1 45.32 46.41       14,13      0.43 19.118  4.524 -0.045 2.0
  132      2 30B1 45.32 46.41       11,16      0.28 19.118  4.524 -0.045 2.0
  132      3 30B1 45.32 46.41       13,16      0.27 19.118  4.524 -0.045 2.0
  132      4 30B1 45.32 46.41       13,19      0.25 19.118  4.524 -0.045 2.0
  132      5 30B1 45.32 46.41       13,19      0.25 19.118  4.524 -0.045 2.0
  132      6 30B1 45.32 46.41       13,24      0.25 19.118  4.524 -0.045 2.0
  132      7 30B1 45.32 46.41       16,30      0.24 19.118  4.524 -0.045 2.0
  132      8 30B1 45.32 46.41 13,16,17,25      0.23 19.118  4.524 -0.045 2.0
  132      9 30B1 45.32 46.41 15,13,16,17      0.23 19.118  4.524 -0.045 2.0
  133      1 36B2 45.32 46.41       15,13      0.43 19.118  4.524  0.045 2.0
  133      2 36B2 45.32 46.41       11,17      0.28 19.118  4.524  0.045 2.0
  133      3 36B2 45.32 46.41       13,17      0.27 19.118  4.524  0.045 2.0
  133      4 36B2 45.32 46.41       13,20      0.25 19.118  4.524  0.045 2.0
  133      5 36B2 45.32 46.41       13,20      0.25 19.118  4.524  0.045 2.0
  133      6 36B2 45.32 46.41       13,25      0.25 19.118  4.524  0.045 2.0
  133      7 36B2 45.32 46.41       17,30      0.24 19.118  4.524  0.045 2.0
  133      8 36B2 45.32 46.41 13,16,17,24      0.23 19.118  4.524  0.045 2.0
  133      9 36B2 45.32 46.41 14,13,16,17      0.23 19.118  4.524  0.045 2.0
  135      1 31B1  9.18 89.72       13,19      0.68 19.339  0.955  0.004 2.0
  135      2 31B1  9.18 89.72       13,19      0.59 19.339  0.955  0.004 2.0
  136      1 37B2  9.18 89.72       13,20      0.68 19.339  0.955  0.004 2.0
  136      2 37B2  9.18 89.72       13,20      0.59 19.339  0.955  0.004 2.0
  138      1 32B1 38.89 54.47 13,16,17,25      0.41 19.414 13.693  0.088 2.0
  138      2 32B1 38.89 54.47       14,13      0.33 19.414 13.693  0.088 2.0
  138      3 32B1 38.89 54.47       11,16      0.31 19.414 13.693  0.088 2.0
  138      4 32B1 38.89 54.47       13,24      0.25 19.414 13.693  0.088 2.0
  138      5 32B1 38.89 54.47       16,21      0.24 19.414 13.693  0.088 2.0
  138      6 32B1 38.89 54.47       13,24      0.21 19.414 13.693  0.088 2.0
  139      1 38B2 38.89 54.47 13,16,17,24      0.41 19.414 13.693 -0.088 2.0
  139      2 38B2 38.89 54.47       15,13      0.33 19.414 13.693 -0.088 2.0
  139      3 38B2 38.89 54.47       11,17      0.31 19.414 13.693 -0.088 2.0
  139      4 38B2 38.89 54.47       13,25      0.25 19.414 13.693 -0.088 2.0
  139      5 38B2 38.89 54.47       17,21      0.24 19.414 13.693 -0.088 2.0
  139      6 38B2 38.89 54.47       13,25      0.21 19.414 13.693 -0.088 2.0
  143      1 39B2 62.96 34.71       11,17      0.54 19.731  6.462  0.066 2.0
  143      2 39B2 62.96 34.71 12,13,17,18      0.35 19.731  6.462  0.066 2.0
  143      3 39B2 62.96 34.71       12,17      0.31 19.731  6.462  0.066 2.0
  143      4 39B2 62.96 34.71 12,13,17,18      0.29 19.731  6.462  0.066 2.0
  143      5 39B2 62.96 34.71       13,25      0.28 19.731  6.462  0.066 2.0
  144      1 33B1 62.96 34.71       11,16      0.54 19.731  6.462  0.066 2.0
  144      2 33B1 62.96 34.71 12,13,16,18      0.35 19.731  6.462  0.066 2.0
  144      3 33B1 62.96 34.71       12,16      0.31 19.731  6.462  0.066 2.0
  144      4 33B1 62.96 34.71 12,13,16,18      0.29 19.731  6.462  0.066 2.0
  144      5 33B1 62.96 34.71       13,24      0.28 19.731  6.462  0.066 2.0
  151      1 35B1 11.75 86.86       13,24      0.65 20.244   3.76 -0.021 2.0
  151      2 35B1 11.75 86.86       13,24      0.41 20.244   3.76 -0.021 2.0
  151      3 35B1 11.75 86.86       16,21      0.41 20.244   3.76 -0.021 2.0
  152      1 41B2 11.75 86.86       13,25      0.65 20.244   3.76  0.021 2.0
  152      2 41B2 11.75 86.86       13,25      0.41 20.244   3.76  0.021 2.0
  152      3 41B2 11.75 86.86       17,21      0.41 20.244   3.76  0.021 2.0
  156      1 42B2 38.07  59.4       17,21      0.59 20.694    8.0 -0.018 2.0
  156      2 42B2 38.07  59.4 12,13,17,18      0.37 20.694    8.0 -0.018 2.0
  157      1 36B1 38.07  59.4       16,21      0.59 20.694    8.0 -0.018 2.0
  157      2 36B1 38.07  59.4 12,13,16,18      0.37 20.694    8.0 -0.018 2.0
  163      1 43B2 31.15  68.4 13,16,17,28      0.49 20.901   1.94 -0.518 2.0
  163      2 43B2 31.15  68.4 12,13,17,18      0.34 20.901   1.94 -0.518 2.0
  163      3 43B2 31.15  68.4       17,21      0.33 20.901   1.94 -0.518 2.0
  163      4 43B2 31.15  68.4 12,13,17,18      0.33 20.901   1.94 -0.518 2.0
  163      5 43B2 31.15  68.4       13,25      0.29 20.901   1.94 -0.518 2.0
  164      1 37B1 31.15  68.4 13,16,17,29      0.49 20.901   1.94 -0.518 2.0
  164      2 37B1 31.15  68.4 12,13,16,18      0.34 20.901   1.94 -0.518 2.0
  164      3 37B1 31.15  68.4       16,21      0.33 20.901   1.94 -0.518 2.0
  164      4 37B1 31.15  68.4 12,13,16,18      0.33 20.901   1.94 -0.518 2.0
  164      5 37B1 31.15  68.4       13,24      0.29 20.901   1.94 -0.518 2.0
  166      1 38B1  1.74 98.08       16,23      0.58 21.353  2.192  0.166 2.0
  166      2 38B1  1.74 98.08       17,22      0.58 21.353  2.192  0.166 2.0
  167      1 44B2  1.74 98.08       16,22      0.58 21.353  2.192  0.166 2.0
  167      2 44B2  1.74 98.08       17,23      0.58 21.353  2.192  0.166 2.0
  170      1 40B1  5.44 93.02       17,22      0.35 21.416  2.813 -0.567 2.0
  170      2 40B1  5.44 93.02       16,23      0.35 21.416  2.813 -0.567 2.0
  170      3 40B1  5.44 93.02       13,24      0.32 21.416  2.813 -0.567 2.0
  170      4 40B1  5.44 93.02       16,30      0.32 21.416  2.813 -0.567 2.0
  170      5 40B1  5.44 93.02 13,16,17,29      0.29 21.416  2.813 -0.567 2.0
  170      6 40B1  5.44 93.02       16,21      0.26 21.416  2.813 -0.567 2.0
  170      7 40B1  5.44 93.02 13,16,17,29      0.24 21.416  2.813 -0.567 2.0
  170      8 40B1  5.44 93.02       13,28      0.21 21.416  2.813 -0.567 2.0
  170      9 40B1  5.44 93.02 13,16,17,29      0.18 21.416  2.813 -0.567 2.0
  171      1 46B2  5.44 93.02       17,23      0.35 21.416  2.813  0.567 2.0
  171      2 46B2  5.44 93.02       16,22      0.35 21.416  2.813  0.567 2.0
  171      3 46B2  5.44 93.02       13,25      0.32 21.416  2.813  0.567 2.0
  171      4 46B2  5.44 93.02       17,30      0.32 21.416  2.813  0.567 2.0
  171      5 46B2  5.44 93.02 13,16,17,28      0.29 21.416  2.813  0.567 2.0
  171      6 46B2  5.44 93.02       17,21      0.26 21.416  2.813  0.567 2.0
  171      7 46B2  5.44 93.02 13,16,17,28      0.24 21.416  2.813  0.567 2.0
  171      8 46B2  5.44 93.02       13,29      0.21 21.416  2.813  0.567 2.0
  171      9 46B2  5.44 93.02 13,16,17,28      0.18 21.416  2.813  0.567 2.0
  172      1 41B1 11.85  83.2       16,30      0.68 21.444 17.291  0.095 2.0
  173      1 47B2 11.85  83.2       17,30      0.68 21.444 17.291  0.095 2.0
  179      1 42B1  4.43 94.93 13,16,17,29      0.64 22.184 15.468 -0.395 2.0
  179      2 42B1  4.43 94.93 13,16,17,29      0.55 22.184 15.468 -0.395 2.0
  180      1 48B2  4.43 94.93 13,16,17,28      0.64 22.184 15.468 -0.395 2.0
  180      2 48B2  4.43 94.93 13,16,17,28      0.55 22.184 15.468 -0.395 2.0
  190      1 52B2 29.95 69.24       17,26      0.79 22.733  0.411 -0.081 2.0
  191      1 44B1 29.95 69.24       16,26      0.79 22.733  0.412 -0.081 2.0
  192      1 53B2 59.18 40.14       17,26      0.42 23.254  0.201  0.072 2.0
  192      2 53B2 59.18 40.14 12,13,17,18      0.39 23.254  0.201  0.072 2.0
  192      3 53B2 59.18 40.14 12,13,17,18      0.39 23.254  0.201  0.072 2.0
  192      4 53B2 59.18 40.14       17,27      0.34 23.254  0.201  0.072 2.0
  192      5 53B2 59.18 40.14 11,13,17,18      0.27 23.254  0.201  0.072 2.0
  192      6 53B2 59.18 40.14 12,13,17,18      0.26 23.254  0.201  0.072 2.0
  192      7 53B2 59.18 40.14 12,13,17,18      0.25 23.254  0.201  0.072 2.0
  193      1 45B1 59.18 40.14       16,26      0.42 23.254  0.201  0.072 2.0
  193      2 45B1 59.18 40.14 12,13,16,18      0.39 23.254  0.201  0.072 2.0
  193      3 45B1 59.18 40.14 12,13,16,18      0.39 23.254  0.201  0.072 2.0
  193      4 45B1 59.18 40.14       16,27      0.34 23.254  0.201  0.072 2.0
  193      5 45B1 59.18 40.14 11,13,16,18      0.27 23.254  0.201  0.072 2.0
  193      6 45B1 59.18 40.14 12,13,16,18      0.26 23.254  0.201  0.072 2.0
  193      7 45B1 59.18 40.14 12,13,16,18      0.25 23.254  0.201  0.072 2.0
  195      1 46B1  7.61 92.02       16,27      0.69 23.815  9.528 -0.035 2.0
  195      2 46B1  7.61 92.02 13,16,17,29      0.41 23.815  9.528 -0.035 2.0
  196      1 54B2  7.61 92.02       17,27      0.69 23.815  9.528 -0.035 2.0
  196      2 54B2  7.61 92.02 13,16,17,28      0.41 23.815  9.528 -0.035 2.0
  199      1 47B1  0.41 98.88 13,16,18,27      0.43 24.135  0.293 -0.017 2.0
  199      2 47B1  0.41 98.88 13,16,18,26      0.43 24.135  0.293 -0.017 2.0
  199      3 47B1  0.41 98.88 13,16,18,21      0.43 24.135  0.293 -0.017 2.0
  199      4 47B1  0.41 98.88 13,16,18,30      0.26 24.135  0.293 -0.017 2.0
  200      1 55B2  0.41 98.88 13,17,18,27      0.43 24.135  0.293 -0.017 2.0
  200      2 55B2  0.41 98.88 13,17,18,26      0.43 24.135  0.293 -0.017 2.0
  200      3 55B2  0.41 98.88 13,17,18,21      0.43 24.135  0.293 -0.017 2.0
  200      4 55B2  0.41 98.88 13,17,18,30      0.26 24.135  0.293 -0.017 2.0

States multiplicity: 
- 0 Singlet states:  []
- 0 Doublet states:  []
- 172 Triplet states:  [1, 2, 3, 4, 5, 9, 10, 11, 12, 13, 14, 15, 16, 17, 18, 19, 20, 21, 22, 23, 24, 25, 26, 27, 31, 32, 34, 35, 36, 37, 38, 39, 40, 41, 42, 43, 44, 45, 46, 47, 48, 51, 54, 57, 58, 59, 60, 61, 62, 63, 64, 65, 71, 72, 73, 74, 75, 76, 77, 78, 79, 80, 81, 82, 83, 84, 85, 86, 87, 88, 90, 91, 92, 93, 94, 95, 96, 97, 98, 99, 100, 101, 102, 103, 104, 105, 108, 109, 110, 111, 112, 113, 114, 115, 116, 117, 118, 119, 120, 121, 122, 123, 124, 125, 126, 127, 128, 129, 130, 131, 132, 133, 134, 135, 136, 138, 139, 140, 141, 142, 143, 144, 147, 148, 149, 150, 151, 152, 153, 154, 155, 156, 157, 158, 159, 160, 161, 162, 163, 164, 165, 166, 167, 168, 169, 170, 171, 172, 173, 175, 176, 177, 178, 179, 180, 181, 182, 183, 186, 187, 188, 189, 190, 191, 192, 193, 195, 196, 197, 198, 199, 200]
- 0 Quartet states:  []
- 28 Quintet states:  [6, 7, 8, 28, 29, 30, 33, 49, 50, 52, 53, 55, 56, 66, 67, 68, 69, 70, 89, 106, 107, 137, 145, 146, 174, 184, 185, 194]
 
------------------------
 IMPROVED ACTIVE SPACE 
------------------------
Initial active space (HOMO = 17 ): [ 4 , 12 ] ; [13, 16, 17, 18, 51, 52, 53, 54, 55, 77, 78, 79]
Final active space (HOMO = 17 ): [ 12 , 20 ] ; [11, 12, 13, 14, 15, 16, 17, 18, 19, 20, 21, 22, 23, 24, 25, 26, 27, 28, 29, 30]
 
--------------------------------
 SUM-OVER-STATE ANALYSIS
--------------------------------
 state    gxx    gyy  gzz
     1  0.000  0.000  0.0
     2  3.218 -1.074 -0.0
     3  1.074  3.218 -0.0
     4 -0.028 -2.223  0.0
     5  2.223 -0.028  0.0
     6  0.000 -0.000  0.0
     7  0.000 -0.000  0.0
     8 -0.000  0.000 -0.0
     9  0.000  0.000 -0.0
    10 -0.000 -0.000 -0.0
    11  0.000 -0.000  0.0
    12 -0.000  0.000 -0.0
    13  0.000  0.000 -0.0
    14 -0.004 -0.248 -0.0
    15  0.248 -0.004 -0.0
    16 -0.000  0.000 -0.0
    17  0.000 -0.000 -0.0
    18 -0.004 -0.295 -0.0
    19 -0.295  0.004 -0.0
    20  0.000  0.000  0.0
    21  0.000 -0.000  0.0
    22 -0.000 -0.000 -0.0
    23  0.045 -0.001  0.0
    24 -0.001 -0.045  0.0
    25  0.000  0.000  0.0
    26  0.004 -0.000 -0.0
    27 -0.000 -0.004 -0.0
    28 -0.000 -0.000 -0.0
    29  0.000 -0.000  0.0
    30  0.000  0.000 -0.0
    31 -0.001 -0.063 -0.0
    32 -0.063  0.001  0.0
    33 -0.000 -0.000  0.0
    34  0.000  0.000 -0.0
    35  0.000 -0.000  0.0
    36  0.000  0.000 -0.0
    37  0.000  0.000 -0.0
    38 -0.000 -0.000 -0.0
    39 -0.000  0.000 -0.0
    40  0.000 -0.000  0.0
    41 -0.000 -0.000  0.0
    42 -0.000 -0.000  0.0
    43  0.000  0.000  0.0
    44  0.000 -0.000  0.0
    45  0.000  0.000  0.0
    46  0.000  0.000  0.0
    47 -0.001  0.000 -0.0
    48 -0.000 -0.001 -0.0
    49 -0.000  0.000  0.0
    50 -0.000 -0.000 -0.0
    51  0.000 -0.000  0.0
    52 -0.000  0.000 -0.0
    53 -0.000 -0.000  0.0
    54  0.000  0.000  0.0
    55 -0.000 -0.000 -0.0
    56 -0.000  0.000 -0.0
    57 -0.019  0.000  0.0
    58  0.000  0.019 -0.0
    59  0.000  0.000  0.0
    60 -0.014  0.000  0.0
    61  0.000  0.014  0.0
    62  0.266 -0.004  0.0
    63 -0.004 -0.266  0.0
    64  0.003 -0.000  0.0
    65  0.000  0.003 -0.0
    66  0.000 -0.000  0.0
    67  0.000 -0.000 -0.0
    68 -0.000 -0.000 -0.0
    69  0.000 -0.000  0.0
    70  0.000 -0.000 -0.0
    71  0.000  0.000  0.0
    72  0.000  0.000  0.0
    73 -0.000  0.000  0.0
    74 -0.001  0.000  0.0
    75 -0.000 -0.001 -0.0
    76  0.000  0.000 -0.0
    77  0.000  0.000  0.0
    78 -0.000 -0.000  0.0
    79 -0.000 -0.000 -0.0
    80  0.000  0.000 -0.0
    81 -0.000  0.000  0.0
    82 -0.000  0.000  0.0
    83 -0.000 -0.000 -0.0
    84 -0.000 -0.000 -0.0
    85  0.000  0.000  0.0
    86 -0.000 -0.000 -0.0
    87 -0.000  0.000 -0.0
    88  0.000  0.000  0.0
    89  0.000 -0.000 -0.0
    90 -0.249  0.004  0.0
    91  0.004  0.249  0.0
    92  0.000  0.000  0.0
    93  0.000 -0.000  0.0
    94 -0.000 -0.000  0.0
    95 -0.047  0.001 -0.0
    96 -0.001 -0.047 -0.0
    97 -0.000 -0.000  0.0
    98  0.000 -0.000 -0.0
    99 -0.060  0.001  0.0
   100  0.001  0.060 -0.0
   101 -0.012  0.000 -0.0
   102  0.000  0.012  0.0
   103 -0.000 -0.000  0.0
   104  0.001 -0.000 -0.0
   105  0.000  0.001 -0.0
   106  0.000 -0.000 -0.0
   107  0.000 -0.000 -0.0
   108 -0.000  0.000  0.0
   109 -0.000 -0.000  0.0
   110  0.000  0.027 -0.0
   111 -0.027  0.000 -0.0
   112 -0.000  0.000 -0.0
   113 -0.001 -0.052  0.0
   114  0.052 -0.001  0.0
   115  0.000  0.000 -0.0
   116  0.000  0.000 -0.0
   117 -0.000 -0.000  0.0
   118  0.000  0.000 -0.0
   119 -0.001 -0.032 -0.0
   120 -0.032  0.001  0.0
   121 -0.000 -0.000 -0.0
   122 -0.000 -0.000 -0.0
   123  0.000  0.000 -0.0
   124 -0.000 -0.000 -0.0
   125  0.000  0.000  0.0
   126  0.000 -0.000  0.0
   127  0.000 -0.000 -0.0
   128 -0.000 -0.000 -0.0
   129 -0.000 -0.000 -0.0
   130 -0.000  0.000 -0.0
   131 -0.000 -0.000 -0.0
   132  0.000  0.005  0.0
   133 -0.005  0.000  0.0
   134  0.000  0.000 -0.0
   135 -0.000 -0.000 -0.0
   136 -0.000  0.000  0.0
   137 -0.000  0.000  0.0
   138 -0.000 -0.031  0.0
   139  0.031 -0.000 -0.0
   140 -0.000 -0.000  0.0
   141  0.000  0.000 -0.0
   142 -0.000 -0.000 -0.0
   143 -0.011  0.000  0.0
   144 -0.000 -0.011  0.0
   145  0.000 -0.000 -0.0
   146  0.000  0.000 -0.0
   147 -0.000  0.000  0.0
   148 -0.000  0.000  0.0
   149 -0.000  0.000 -0.0
   150  0.000 -0.000 -0.0
   151  0.000  0.002  0.0
   152 -0.002  0.000  0.0
   153 -0.000  0.000  0.0
   154  0.000 -0.000 -0.0
   155  0.000  0.000 -0.0
   156  0.004 -0.000 -0.0
   157  0.000  0.004 -0.0
   158 -0.000 -0.000 -0.0
   159 -0.000  0.000 -0.0
   160  0.000 -0.000  0.0
   161 -0.000  0.000  0.0
   162 -0.000 -0.000  0.0
   163  0.024 -0.000 -0.0
   164  0.000  0.024 -0.0
   165  0.000 -0.000  0.0
   166 -0.000 -0.008 -0.0
   167 -0.008  0.000  0.0
   168  0.000  0.000 -0.0
   169 -0.000  0.000 -0.0
   170  0.001  0.037  0.0
   171 -0.037  0.001  0.0
   172 -0.001 -0.038 -0.0
   173 -0.038  0.001  0.0
   174  0.000 -0.000 -0.0
   175 -0.000  0.000  0.0
   176  0.000  0.000 -0.0
   177 -0.000  0.000  0.0
   178 -0.000 -0.000 -0.0
   179  0.002  0.137  0.0
   180  0.137 -0.002  0.0
   181 -0.000 -0.000  0.0
   182 -0.000  0.000  0.0
   183 -0.000  0.000  0.0
   184  0.000 -0.000  0.0
   185  0.000  0.000 -0.0
   186 -0.000 -0.000  0.0
   187  0.000  0.000 -0.0
   188 -0.000 -0.000 -0.0
   189  0.000 -0.000  0.0
   190  0.001 -0.000 -0.0
   191  0.000  0.001 -0.0
   192 -0.000  0.000  0.0
   193 -0.000 -0.000 -0.0
   194  0.000 -0.000  0.0
   195  0.000  0.007  0.0
   196  0.007 -0.000 -0.0
   197 -0.000 -0.000 -0.0
   198 -0.000 -0.000  0.0
   199  0.000  0.000  0.0
   200  0.000 -0.000 -0.0

