--------------------------------------
     INPUT SECTION
--------------------------------------
File selected:  seo_6_4.out
Number of states selected:  30
Selected states selected:  [1, 2, 3, 4, 5, 6, 7, 8, 9, 10, 11, 12, 13, 14, 15, 16, 17, 18, 19, 20, 21, 22, 23, 24, 25, 26, 27, 28, 29, 30]
 
------------------------
 RAS-CI RESULTS
------------------------
g-factor (x y z dimensions):
18.619 18.783 0.173

----------------------
 G-TENSOR ANALYSIS
----------------------
g-shift cut-off: 41.963 25.441 1.645
 
state config. symmetry unpaired orb     gxx    gyy   gzz
    1       1      1A2        20,22      --     --    --
    2       1      1A1        18,20     0.0    0.0 3.289
    4       1      2A1        19,22     0.0    0.0 2.705
    5       1      1B1        20,21 -83.925   -0.0  -0.0
    7       1      2B2        21,22    -0.0 50.883  -0.0

-------------------------------
 IMPROVED ACTIVE SPACE BY G-TENSOR
-------------------------------
Initial active space (HOMO = 22 ): [ 6 , 4 ] ; [18, 20, 21, 22]
Final active space (HOMO = 22 ): [ 8 , 5 ] ; [18, 19, 20, 21, 22]
 
------------------------
 EXCITED STATES ANALYSIS
------------------------
Configurations cut-off: 0.5
state config sym  hole  part unpairedorb amplitude      e    socc     lk  s2
    1      1 1A2  7.82  6.91       20,22      0.88    0.0     0.0    0.0 2.0
    2      1 1A1  3.83  1.58       18,20      0.97   3.43 480.388 -0.047 2.0
    4      1 2A1 95.99  0.23       19,22      0.98   3.71  688.05 -0.029 2.0
    5      1 1B1  1.55   3.0       20,21      0.97  4.714 733.455  1.088 2.0
    6      1 1B2  0.03 81.81       22,23      0.65  5.222 682.455  0.056 2.0
    6      2 1B2  0.03 81.81 18,20,22,23      0.44  5.222 682.455  0.056 2.0
    6      3 1B2  0.03 81.81       21,22      0.43  5.222 682.455  0.056 2.0
    7      1 2B2  0.01 18.76       21,22       0.9  5.313 470.658 -1.158 2.0
   10      1 2B1  0.36 99.63       20,23      0.67  6.895 583.519  0.617 2.0
   10      2 2B1  0.36 99.63       18,23      0.66  6.895 583.519  0.617 2.0
   11      1 4B2  0.04 99.91 18,20,22,23      0.69  8.079 215.762 -0.367 2.0
   11      2 4B2  0.04 99.91 18,20,22,23       0.5  8.079 215.762 -0.367 2.0
   11      3 4B2  0.04 99.91 18,20,22,23      0.37  8.079 215.762 -0.367 2.0
   12      1 5B2  0.04 99.89 18,20,22,23      0.82  8.293 310.489  0.376 2.0
   12      2 5B2  0.04 99.89 18,20,22,23      0.44  8.293 310.489  0.376 2.0
   13      1 3B1 14.95 34.88       18,21      0.69  9.089  83.377 -0.163 2.0
   13      2 3B1 14.95 34.88       18,23      0.49  9.089  83.377 -0.163 2.0
   14      1 4B1  1.44 72.38       18,23      0.78  9.503 118.085  0.064 2.0
   14      2 4B1  1.44 72.38       18,21       0.5  9.503 118.085  0.064 2.0
   19      1 6B2 94.54  5.45       19,21      0.96 11.886  194.62 -0.078 2.0
   25      1 5A1   0.0 99.99       22,24      0.77 12.474 439.206  0.016 2.0
   25      2 5A1   0.0 99.99 18,20,22,24      0.48 12.474 439.206  0.016 2.0
   27      1 8B2  0.11 99.89       22,26      0.76 12.735 398.187 -0.067 2.0
   27      2 8B2  0.11 99.89 18,20,22,26      0.43 12.735 398.187 -0.067 2.0
   28      1 7B1  0.93 99.05       18,23      0.68  13.24 214.997 -0.212 2.0
   28      2 7B1  0.93 99.05       20,23      0.63  13.24 214.997 -0.212 2.0

States multiplicity: 
- 0 Singlet states:  []
- 0 Doublet states:  []
- 28 Triplet states:  [1, 2, 3, 4, 5, 6, 7, 8, 10, 11, 12, 13, 14, 15, 16, 17, 18, 19, 20, 21, 22, 23, 24, 25, 26, 27, 28, 30]
- 0 Quartet states:  []
- 2 Quintet states:  [9, 29]
 
--------------------------------
 IMPROVED ACTIVE SPACE BY SOC AND L
--------------------------------
Initial active space (HOMO = 22 ): [ 6 , 4 ] ; [18, 20, 21, 22]
Final active space (HOMO = 22 ): [ 8 , 8 ] ; [18, 19, 20, 21, 22, 23, 24, 26]
 
--------------------------------
 SUM-OVER-STATE ANALYSIS
--------------------------------
 state     gxx    gyy    gzz
     1   0.000  0.000  0.000
     2   0.000  0.000  3.289
     3   0.000 -0.000  0.000
     4   0.000  0.000  2.705
     5 -83.925 -0.000 -0.000
     6  -0.000 -3.651  0.000
     7  -0.000 50.883 -0.000
     8  -0.000  0.000 -0.000
     9   0.000 -0.000 -0.000
    10 -25.915 -0.000 -0.000
    11  -0.000  4.860 -0.000
    12  -0.000 -6.979 -0.000
    13   0.742 -0.000  0.000
    14  -0.393  0.000 -0.000
    15   0.000 -0.000  0.000
    16  -0.000  0.000 -0.002
    17  -0.000 -0.000 -0.000
    18  -0.000 -0.000 -0.002
    19  -0.000  0.632 -0.000
    20   0.000 -0.000  0.000
    21  -0.064  0.000  0.000
    22   0.000  0.162 -0.000
    23  -0.000 -0.000  0.000
    24  -0.000  0.000 -0.000
    25  -0.000 -0.000 -0.285
    26   0.123  0.000  0.000
    27   0.000  1.041 -0.000
    28   1.703 -0.000  0.000
    29   0.000 -0.000 -0.000
    30  -0.000 -0.000 -0.000

