--------------------------------------
     INPUT SECTION
--------------------------------------
File selected:  v2_3_18.out
Number of states selected:  30
Selected states selected:  [1, 2, 3, 4, 5, 6, 7, 8, 9, 10, 11, 12, 13, 14, 15, 16, 17, 18, 19, 20, 21, 22, 23, 24, 25, 26, 27, 28, 29, 30]
 
------------------------
 RAS-CI RESULTS
------------------------
g-factor (x y z dimensions):
-22.294 -23.774 -36.923

------------------------
 EXCITED STATES ANALYSIS
------------------------
Configurations cut-off: 0.5
state config  sym  hole  part    unpairedorb amplitude     e    socc     lk   s2
    1      1  1Ag   2.1  0.43       22,23,24      0.98   0.0     0.0    0.0 3.75
    2      1  2Ag  0.47 62.27       22,23,31       0.6 0.886 207.253  -1.54 3.75
    2      2  2Ag  0.47 62.27       22,23,28      0.59 0.886 207.253  -1.54 3.75
    4      1  4Ag  4.53 11.83       22,24,29      0.71 1.811 214.897    1.7 3.75
    4      2  4Ag  4.53 11.83       22,24,36      0.57 1.811 214.897    1.7 3.75
    5      1  5Ag  3.57 46.67       23,24,28      0.49  2.09 214.691  1.875 3.75
    5      2  5Ag  3.57 46.67       23,24,31      0.49  2.09 214.691  1.875 3.75
    5      3  5Ag  3.57 46.67       22,23,29      0.39  2.09 214.691  1.875 3.75
    5      4  5Ag  3.57 46.67       22,23,36      0.32  2.09 214.691  1.875 3.75
    6      1  6Ag 96.95  1.43       21,23,24      0.89 2.201  69.191 -0.085 3.75
    7      1  7Ag 99.38  0.13       21,22,23      0.62 2.699  56.187 -0.747 3.75
    7      2  7Ag 99.38  0.13 21,22,23,24,32      0.55 2.699  56.187 -0.747 3.75
    7      3  7Ag 99.38  0.13 21,22,23,24,32      0.36 2.699  56.187 -0.747 3.75
    8      1  8Ag  1.82 34.32       22,23,29      0.52 2.728   8.921 -0.327 3.75
    8      2  8Ag  1.82 34.32       22,23,36       0.4 2.728   8.921 -0.327 3.75
    8      3  8Ag  1.82 34.32       23,24,31      0.33 2.728   8.921 -0.327 3.75
    8      4  8Ag  1.82 34.32       23,24,28      0.31 2.728   8.921 -0.327 3.75
   10      1 10Ag  98.6  0.82       21,22,24      0.77 3.415   0.081  0.001 3.75
   11      1 11Ag 71.78  2.28       22,24,32       0.5  3.52  77.441  0.106 3.75
   11      2 11Ag 71.78  2.28 20,22,23,24,32       0.4  3.52  77.441  0.106 3.75
   11      3 11Ag 71.78  2.28 20,22,23,24,32      0.39  3.52  77.441  0.106 3.75
   11      4 11Ag 71.78  2.28 20,22,23,24,32      0.31  3.52  77.441  0.106 3.75
   11      5 11Ag 71.78  2.28 20,22,23,24,32      0.31  3.52  77.441  0.106 3.75
   11      6 11Ag 71.78  2.28       20,22,23      0.26  3.52  77.441  0.106 3.75
   12      1 12Ag 99.81  0.07       21,24,29      0.88 3.604   11.66  0.098 3.75
   13      1 13Ag 99.82   0.1       20,23,32      0.66 3.616   1.085 -0.318 3.75
   13      2 13Ag 99.82   0.1       20,23,24      0.63 3.616   1.085 -0.318 3.75
   14      1 14Ag 83.61  1.86       19,23,24      0.55 3.969  69.661  1.513 3.75
   14      2 14Ag 83.61  1.86 20,22,23,24,32      0.39 3.969  69.661  1.513 3.75
   14      3 14Ag 83.61  1.86 20,22,23,24,32      0.33 3.969  69.661  1.513 3.75
   14      4 14Ag 83.61  1.86       22,24,32      0.32 3.969  69.661  1.513 3.75
   15      1 15Ag 96.26   1.7 21,22,23,24,29      0.72  4.02  85.383 -0.432 3.75
   16      1 16Ag  35.6  9.86       23,24,29      0.55 4.048  52.456 -0.142 3.75
   16      2 16Ag  35.6  9.86       23,24,36      0.44 4.048  52.456 -0.142 3.75
   16      3 16Ag  35.6  9.86 20,22,23,24,32      0.35 4.048  52.456 -0.142 3.75
   16      4 16Ag  35.6  9.86       19,23,24      0.27 4.048  52.456 -0.142 3.75
   17      1 17Ag 99.88   0.1       21,23,29      0.86 4.075   0.025 -0.001 3.75
   18      1 18Ag 91.19   1.2 21,22,23,24,32      0.59 4.328   93.55 -0.962 3.75
   18      2 18Ag 91.19   1.2 20,22,23,24,32      0.47 4.328   93.55 -0.962 3.75
   18      3 18Ag 91.19   1.2       19,23,24      0.34 4.328   93.55 -0.962 3.75
   19      1 19Ag 99.29  0.59 21,22,23,24,29      0.79 4.404  20.857  0.407 3.75
   20      1 20Ag 64.83  6.13       19,23,24      0.47  4.54  37.277   0.25 3.75
   20      2 20Ag 64.83  6.13 21,22,23,24,32      0.36  4.54  37.277   0.25 3.75
   20      3 20Ag 64.83  6.13       23,24,29      0.35  4.54  37.277   0.25 3.75
   20      4 20Ag 64.83  6.13       22,24,32      0.28  4.54  37.277   0.25 3.75
   20      5 20Ag 64.83  6.13       23,24,36      0.27  4.54  37.277   0.25 3.75
   21      1 21Ag 21.15 38.26       22,29,31      0.42 4.595  22.342  0.051 3.75
   21      2 21Ag 21.15 38.26       22,29,28      0.34 4.595  22.342  0.051 3.75
   21      3 21Ag 21.15 38.26       22,31,36      0.31 4.595  22.342  0.051 3.75
   21      4 21Ag 21.15 38.26       22,23,29      0.27 4.595  22.342  0.051 3.75
   21      5 21Ag 21.15 38.26 19,22,23,24,32      0.24 4.595  22.342  0.051 3.75
   21      6 21Ag 21.15 38.26       22,36,28      0.23 4.595  22.342  0.051 3.75
   21      7 21Ag 21.15 38.26       19,22,23      0.22 4.595  22.342  0.051 3.75
   21      8 21Ag 21.15 38.26       22,23,36      0.21 4.595  22.342  0.051 3.75
   22      1 22Ag 99.87  0.04       20,24,32      0.75 4.703    7.21  0.053 3.75
   22      2 22Ag 99.87  0.04       21,24,32      0.59 4.703    7.21  0.053 3.75
   23      1 23Ag 87.79   5.1 19,22,23,24,32      0.62 4.752  18.278 -0.205 3.75
   23      2 23Ag 87.79   5.1       19,22,23       0.5 4.752  18.278 -0.205 3.75
   23      3 23Ag 87.79   5.1 19,22,23,24,32      0.36 4.752  18.278 -0.205 3.75
   25      1 25Ag 68.18  9.02       22,24,30      0.47 4.916   3.506  0.122 3.75
   25      2 25Ag 68.18  9.02       21,22,29       0.4 4.916   3.506  0.122 3.75
   25      3 25Ag 68.18  9.02 21,22,23,24,30      0.38 4.916   3.506  0.122 3.75
   25      4 25Ag 68.18  9.02 21,22,23,24,30      0.32 4.916   3.506  0.122 3.75
   27      1 27Ag 86.95  3.26       21,22,29       0.6 5.015  14.313  0.022 3.75
   27      2 27Ag 86.95  3.26       21,22,29       0.3 5.015  14.313  0.022 3.75
   28      1 28Ag 98.68  0.83 21,22,23,24,29      0.66 5.159   0.716  0.065 3.75
   28      2 28Ag 98.68  0.83 21,22,23,24,29      0.54 5.159   0.716  0.065 3.75
   29      1 29Ag 98.98  0.51 21,22,23,24,29      0.64 5.244  18.906  0.113 3.75
   29      2 29Ag 98.98  0.51 21,22,23,24,29      0.39 5.244  18.906  0.113 3.75
   29      3 29Ag 98.98  0.51 21,22,23,24,29      0.33 5.244  18.906  0.113 3.75
   30      1 30Ag  3.25 49.85       24,29,31      0.51 5.255  16.814 -0.041 3.75
   30      2 30Ag  3.25 49.85       24,29,28       0.4 5.255  16.814 -0.041 3.75
   30      3 30Ag  3.25 49.85       24,31,36      0.39 5.255  16.814 -0.041 3.75
   30      4 30Ag  3.25 49.85       24,36,28      0.28 5.255  16.814 -0.041 3.75

States multiplicity: 
- 0 Singlet states:  []
- 0 Doublet states:  []
- 0 Triplet states:  []
- 28 Quartet states:  [1, 2, 3, 4, 5, 6, 7, 8, 10, 11, 12, 13, 14, 15, 16, 17, 18, 19, 20, 21, 22, 23, 25, 26, 27, 28, 29, 30]
- 0 Quintet states:  []
 
------------------------
 IMPROVED ACTIVE SPACE 
------------------------
Initial active space (HOMO = 24 ): [ 3 , 18 ] ; [22, 23, 24, 29, 30, 31, 32, 36, 62, 63, 77, 78, 79, 81, 82, 83, 84, 85]
Final active space (HOMO = 24 ): [ 9 , 12 ] ; [19, 20, 21, 22, 23, 24, 28, 29, 30, 31, 32, 36]
 
--------------------------------
 SUM-OVER-STATE ANALYSIS
--------------------------------
 state      gxx     gyy     gzz
     1    0.000   0.000   0.000
     2   -0.002  -0.000 178.567
     3   -0.000   0.000   0.000
     4 -100.035 -17.944  -0.000
     5   17.143 -95.518   0.000
     6   -0.239   1.323  -0.000
     7    0.000   0.000   7.709
     8   -0.094   0.531   0.000
     9    0.000  -0.000  -0.000
    10    0.000  -0.000  -0.000
    11    0.000   0.000  -1.160
    12    0.000   0.000  -0.158
    13   -0.008   0.047   0.000
    14   -0.000  -0.000 -13.169
    15    4.547   0.816  -0.002
    16    0.003   0.001   0.912
    17   -0.000   0.000   0.000
    18   -0.000  -0.000  10.308
    19   -0.955  -0.171  -0.000
    20   -0.000  -0.000  -1.016
    21    0.022  -0.124  -0.000
    22   -0.040  -0.007  -0.000
    23   -0.070   0.391  -0.000
    24    0.000  -0.000  -0.000
    25    0.008  -0.043  -0.000
    26    0.000  -0.000  -0.000
    27    0.006  -0.032   0.000
    28   -0.004  -0.001  -0.000
    29   -0.201  -0.036   0.000
    30    0.000   0.000   0.065

