--------------------------------------
     INPUT SECTION
--------------------------------------
File selected:  anthracene_opt_4_4.out
Number of states selected:  100
Selected states selected:  [1, 2, 3, 4, 5, 6, 7, 8, 9, 10, 11, 12, 13, 14, 15, 16, 17, 18, 19, 20, 21, 22, 23, 24, 25, 26, 27, 28, 29, 30, 31, 32, 33, 34, 35, 36, 37, 38, 39, 40, 41, 42, 43, 44, 45, 46, 47, 48, 49, 50, 51, 52, 53, 54, 55, 56, 57, 58, 59, 60, 61, 62, 63, 64, 65, 66, 67, 68, 69, 70, 71, 72, 73, 74, 75, 76, 77, 78, 79, 80, 81, 82, 83, 84, 85, 86, 87, 88, 89, 90, 91, 92, 93, 94, 95, 96, 97, 98, 99, 100]
 
------------------------
 RAS-CI RESULTS
------------------------
g-factor (x y z dimensions):
248.687 136.293 19.129

----------------------
 G-TENSOR ANALYSIS
----------------------
cut-offs: 
- g-shift estimation (%): 0.25
- configurations (% of amplitude):  0.75
 
state config. symmetry unpaired orb      gxx     gyy    gzz
    1       1      1A1        47,48       --      --     --
    3       1      3A1        46,48      0.0    -0.0 40.586
    3       2      3A1        47,49      0.0    -0.0 40.586
   12       1     12A1        47,52 -149.984    -0.0 -0.011
   21       1     21A1        42,48  393.778   0.005  0.012
   23       1     23A1        41,48   -0.004 359.406    0.0
   45       1     45A1        47,58 -119.414     0.0 -0.003
   45       2     45A1        47,64 -119.414     0.0 -0.003
   48       1     48A1        47,65  107.178    -0.0 -0.003
   48       2     48A1        47,58  107.178    -0.0 -0.003
   86       1     86A1        36,48 -426.224    -0.0  0.097

-------------------------------
 IMPROVED ACTIVE SPACE BY G-TENSOR
-------------------------------
Initial active space (HOMO = 48 ): [ 4 , 4 ] ; [46, 47, 48, 49]
Final active space (HOMO = 48 ): [ 10 , 11 ] ; [36, 41, 42, 46, 47, 48, 49, 52, 58, 64, 65]
 
------------------------
 EXCITED STATES ANALYSIS
------------------------
Configurations cut-off: 0.75
state config  sym  hole  part unpairedorb amplitude      e   socc     lk  s2
    1      1  1A1  0.49  0.63       47,48      0.99    0.0    0.0    0.0 2.0
    3      1  3A1   7.2  8.36       46,48      0.66  3.081  0.101 -2.491 2.0
    3      2  3A1   7.2  8.36       47,49      0.63  3.081  0.101 -2.491 2.0
   12      1 12A1  0.66 99.34       47,52      0.88  6.044  5.876  0.311 2.0
   21      1 21A1 99.34  0.66       42,48      0.84   6.85   9.29 -0.585 2.0
   23      1 23A1 96.57  3.43       41,48      0.83  7.043  8.273 -0.617 2.0
   45      1 45A1  0.05 99.95       47,58      0.59  8.498  3.005  0.681 2.0
   45      2 45A1  0.05 99.95       47,64      0.48  8.498  3.005  0.681 2.0
   48      1 48A1  0.87 99.13       47,65      0.64  8.647  3.746 -0.499 2.0
   48      2 48A1  0.87 99.13       47,58      0.53  8.647  3.746 -0.499 2.0
   86      1 86A1 88.64 11.36       36,48      0.59 10.152 11.308  0.772 2.0

States multiplicity: 
- 0 Singlet states:  []
- 0 Doublet states:  []
- 8 Triplet states:  [1, 2, 3, 4, 5, 6, 7, 8]
- 0 Quartet states:  []
- 0 Quintet states:  []
 
--------------------------------
 IMPROVED ACTIVE SPACE BY SOC AND L
--------------------------------
Initial space (HOMO = 48 ): [ 4 , 4 ] ; [46, 47, 48, 49]
Final space (HOMO = 48 ): [ 10 , 11 ] ; [36, 41, 42, 46, 47, 48, 49, 52, 58, 64, 65]
 
