--------------------------------------
     INPUT SECTION
--------------------------------------
File selected:  hexacene_opt_4_4.out
Number of states selected:  100
Selected states selected:  [1, 2, 3, 4, 5, 6, 7, 8, 9, 10, 11, 12, 13, 14, 15, 16, 17, 18, 19, 20, 21, 22, 23, 24, 25, 26, 27, 28, 29, 30, 31, 32, 33, 34, 35, 36, 37, 38, 39, 40, 41, 42, 43, 44, 45, 46, 47, 48, 49, 50, 51, 52, 53, 54, 55, 56, 57, 58, 59, 60, 61, 62, 63, 64, 65, 66, 67, 68, 69, 70, 71, 72, 73, 74, 75, 76, 77, 78, 79, 80, 81, 82, 83, 84, 85, 86, 87, 88, 89, 90, 91, 92, 93, 94, 95, 96, 97, 98, 99, 100]
 
------------------------
 RAS-CI RESULTS
------------------------
g-factor (x y z dimensions):
-15.079 2.348 15.064

----------------------
 G-TENSOR ANALYSIS
----------------------
cut-offs: 
- g-shift estimation (%): 0.25
- configurations (% of amplitude):  0.75
 
state config. symmetry unpaired orb     gxx    gyy     gzz
    1       1      1A1        86,87      --     --      --
   10       1     10A1        86,89     0.0  0.012 -46.304
   25       1     25A1        86,99    -0.0 -3.068  -0.014
   39       1     39A1        86,94  27.735    0.0   0.006
   48       1     48A1       86,107     0.0   9.89   0.007
   62       1     62A1       86,102     0.0  8.074   0.023
   62       2     62A1        86,98     0.0  8.074   0.023
   73       1     73A1        74,86  34.659 -0.002   0.081
   73       2     73A1        75,87  34.659 -0.002   0.081
   85       1     85A1        86,94 -49.606  0.003  -0.199
   85       2     85A1       86,103 -49.606  0.003  -0.199
   85       3     85A1       86,106 -49.606  0.003  -0.199
   98       1     98A1        86,98   0.002  6.855  -0.106
   98       2     98A1        86,99   0.002  6.855  -0.106

-------------------------------
 IMPROVED ACTIVE SPACE BY G-TENSOR
-------------------------------
Initial active space (HOMO = 87 ): [ 4 , 4 ] ; [85, 86, 87, 88]
Final active space (HOMO = 87 ): [ 6 , 12 ] ; [74, 75, 86, 87, 89, 94, 98, 99, 102, 103, 106, 107]
 
------------------------
 EXCITED STATES ANALYSIS
------------------------
Configurations cut-off: 0.75
state config  sym  hole  part unpairedorb amplitude     e  socc     lk  s2
    1      1  1A1  1.34  1.41       86,87      0.98   0.0   0.0    0.0 2.0
   10      1 10A1 33.41 52.18       86,89      0.64 4.461 0.177  2.357 2.0
   25      1 25A1  0.06 99.94       86,99      0.67 6.091 0.266  0.142 2.0
   39      1 39A1  0.09 99.91       86,94      0.74 6.838 2.894 -0.132 2.0
   48      1 48A1  0.04 99.96      86,107      0.87 7.234 0.338 -0.426 2.0
   62      1 62A1  0.07 99.93      86,102      0.54 7.679 0.735  -0.17 2.0
   62      2 62A1  0.07 99.93       86,98      0.46 7.679 0.735  -0.17 2.0
   73      1 73A1 98.97  1.03       74,86      0.54  8.07 2.584 -0.218 2.0
   73      2 73A1 98.97  1.03       75,87      0.41  8.07 2.584 -0.218 2.0
   85      1 85A1  0.87 99.13       86,94      0.49 8.271 4.383  0.189 2.0
   85      2 85A1  0.87 99.13      86,103      0.38 8.271 4.383  0.189 2.0
   85      3 85A1  0.87 99.13      86,106      0.38 8.271 4.383  0.189 2.0
   98      1 98A1  0.03 99.97       86,98      0.57 8.541 0.389 -0.304 2.0
   98      2 98A1  0.03 99.97       86,99      0.46 8.541 0.389 -0.304 2.0

States multiplicity: 
- 0 Singlet states:  []
- 0 Doublet states:  []
- 9 Triplet states:  [1, 2, 3, 4, 5, 6, 7, 8, 9]
- 0 Quartet states:  []
- 0 Quintet states:  []
 
--------------------------------
 IMPROVED ACTIVE SPACE BY SOC AND L
--------------------------------
Initial space (HOMO = 87 ): [ 4 , 4 ] ; [85, 86, 87, 88]
Final space (HOMO = 87 ): [ 6 , 12 ] ; [74, 75, 86, 87, 89, 94, 98, 99, 102, 103, 106, 107]
 
