--------------------------------------
     INPUT SECTION
--------------------------------------
File selected:  pentacene_8_8_triplets.out
Number of states selected:  20
Selected states selected:  [1, 2, 3, 4, 5, 6, 7, 8, 9, 10, 11, 12, 13, 14, 15, 16, 17, 18, 19, 20]
 
------------------------
 RAS-CI RESULTS
------------------------
g-factor (x y z dimensions):
0.001 0.0 25.013

----------------------
 G-TENSOR ANALYSIS
----------------------
cut-offs: 
- g-shift estimation (%): 0.25
- configurations (% of amplitude):  0.75
 
state config. symmetry unpaired orb    gxx    gyy     gzz
    1       1      1A1        73,74     --     --      --
    2       1      2A1        72,74  0.001   -0.0    -0.0
    2       2      2A1        73,75  0.001   -0.0    -0.0
    6       1      6A1        73,75    0.0  0.001  -0.001
    6       2      6A1        72,74    0.0  0.001  -0.001
    7       1      7A1        71,74    0.0  0.001 -39.306
    7       2      7A1        73,76    0.0  0.001 -39.306
    9       1      9A1        71,73 -0.002    0.0     0.0
    9       2      9A1        74,76 -0.002    0.0     0.0
   11       1     11A1        74,75    0.0  0.002  25.336
   11       2     11A1        72,73    0.0  0.002  25.336
   16       1     16A1        72,76    0.0 -0.002     0.0
   16       2     16A1        71,75    0.0 -0.002     0.0
   18       1     18A1        74,76  0.001  0.001     0.0
   18       2     18A1        71,73  0.001  0.001     0.0
   20       1     20A1        74,77    0.0 -0.001     0.0
   20       2     20A1        70,73    0.0 -0.001     0.0

-------------------------------
 IMPROVED ACTIVE SPACE BY G-TENSOR
-------------------------------
Initial active space (HOMO = 74 ): [ 8 , 8 ] ; [70, 71, 72, 73, 74, 75, 76, 77]
Final active space (HOMO = 74 ): [ 8 , 8 ] ; [70, 71, 72, 73, 74, 75, 76, 77]
 
------------------------
 EXCITED STATES ANALYSIS
------------------------
Configurations cut-off: 0.75
state config  sym  hole  part unpairedorb amplitude     e  socc     lk  s2
    1      1  1A1  2.73  3.37       73,74      0.93   0.0   0.0    0.0 2.0
    2      1  2A1  6.26  7.33       72,74       0.6 1.976 0.007 -0.001 2.0
    2      2  2A1  6.26  7.33       73,75      0.54 1.976 0.007 -0.001 2.0
    6      1  6A1  8.31  8.24       73,75       0.6 3.553 0.029   -0.0 2.0
    6      2  6A1  8.31  8.24       72,74      0.56 3.553 0.029   -0.0 2.0
    7      1  7A1  7.01  8.39       71,74      0.63 3.632  0.11  2.615 2.0
    7      2  7A1  7.01  8.39       73,76      0.57 3.632  0.11  2.615 2.0
    9      1  9A1  12.3 11.98       71,73      0.56  4.27 0.014  0.001 2.0
    9      2  9A1  12.3 11.98       74,76      0.51  4.27 0.014  0.001 2.0
   11      1 11A1  8.26  7.77       74,75      0.58  4.43 0.178  -1.27 2.0
   11      2 11A1  8.26  7.77       72,73      0.51  4.43 0.178  -1.27 2.0
   16      1 16A1 19.51 16.68       72,76       0.5 5.193 0.004  0.005 2.0
   16      2 16A1 19.51 16.68       71,75      0.44 5.193 0.004  0.005 2.0
   18      1 18A1  6.48  6.45       74,76      0.55 5.385  0.01 -0.001 2.0
   18      2 18A1  6.48  6.45       71,73      0.52 5.385  0.01 -0.001 2.0
   20      1 20A1   7.4  8.64       74,77      0.51 5.567 0.002  0.005 2.0
   20      2 20A1   7.4  8.64       70,73      0.48 5.567 0.002  0.005 2.0

States multiplicity: 
- 0 Singlet states:  []
- 0 Doublet states:  []
- 9 Triplet states:  [1, 2, 3, 4, 5, 6, 7, 8, 9]
- 0 Quartet states:  []
- 0 Quintet states:  []
 
--------------------------------
 IMPROVED ACTIVE SPACE BY SOC AND L
--------------------------------
Initial space (HOMO = 74 ): [ 8 , 8 ] ; [70, 71, 72, 73, 74, 75, 76, 77]
Final space (HOMO = 74 ): [ 8 , 8 ] ; [70, 71, 72, 73, 74, 75, 76, 77]
 
