--------------------------------------
     INPUT SECTION
--------------------------------------
File selected:  tetracene_opt_4_4.out
Number of states selected:  100
Selected states selected:  [1, 2, 3, 4, 5, 6, 7, 8, 9, 10, 11, 12, 13, 14, 15, 16, 17, 18, 19, 20, 21, 22, 23, 24, 25, 26, 27, 28, 29, 30, 31, 32, 33, 34, 35, 36, 37, 38, 39, 40, 41, 42, 43, 44, 45, 46, 47, 48, 49, 50, 51, 52, 53, 54, 55, 56, 57, 58, 59, 60, 61, 62, 63, 64, 65, 66, 67, 68, 69, 70, 71, 72, 73, 74, 75, 76, 77, 78, 79, 80, 81, 82, 83, 84, 85, 86, 87, 88, 89, 90, 91, 92, 93, 94, 95, 96, 97, 98, 99, 100]
 
------------------------
 RAS-CI RESULTS
------------------------
g-factor (x y z dimensions):
58.097 66.052 18.313

----------------------
 G-TENSOR ANALYSIS
----------------------
cut-offs: 
- g-shift estimation (%): 0.25
- configurations (% of amplitude):  0.75
 
state config. symmetry unpaired orb     gxx      gyy     gzz
    1       1      1A1        60,61      --       --      --
    6       1      6A1        60,63    -0.0      0.0  36.147
   12       1     12A1        61,62  -0.001      0.0 -19.305
   12       2     12A1        59,60  -0.001      0.0 -19.305
   28       1     28A1        60,69   55.36   -0.014   0.005
   47       1     47A1        51,61  95.698    0.062   0.006
   63       1     63A1        60,74  71.606    -0.01   0.028
   65       1     65A1        52,60 166.832   -0.131  -0.035
   65       2     65A1        44,61 166.832   -0.131  -0.035
   65       3     65A1        51,61 166.832   -0.131  -0.035
   85       1     85A1        49,61   0.004   52.935  -0.012
   85       2     85A1        52,62   0.004   52.935  -0.012
   89       1     89A1        60,83   0.034 -114.504  -0.002

-------------------------------
 IMPROVED ACTIVE SPACE BY G-TENSOR
-------------------------------
Initial active space (HOMO = 61 ): [ 4 , 4 ] ; [59, 60, 61, 62]
Final active space (HOMO = 61 ): [ 12 , 12 ] ; [44, 49, 51, 52, 59, 60, 61, 62, 63, 69, 74, 83]
 
------------------------
 EXCITED STATES ANALYSIS
------------------------
Configurations cut-off: 0.75
state config  sym  hole  part unpairedorb amplitude     e  socc     lk  s2
    1      1  1A1  1.36  1.61       60,61      0.98   0.0   0.0    0.0 2.0
    6      1  6A1 34.72 64.19       60,63      0.77  3.96 0.128 -2.254 2.0
   12      1 12A1  8.38  8.26       61,62      0.68 5.446 0.178  1.192 2.0
   12      2 12A1  8.38  8.26       59,60       0.6 5.446 0.178  1.192 2.0
   28      1 28A1  0.14 99.86       60,69      0.83 6.895 4.109 -0.187 2.0
   47      1 47A1 99.67  0.33       51,61      0.64 8.004 4.565 -0.338 2.0
   63      1 63A1  1.05 98.95       60,74      0.71  8.59 4.512 -0.275 2.0
   65      1 65A1 98.72  1.28       52,60       0.5 8.646 7.131 -0.408 2.0
   65      2 65A1 98.72  1.28       44,61      0.48 8.646 7.131 -0.408 2.0
   65      3 65A1 98.72  1.28       51,61      0.46 8.646 7.131 -0.408 2.0
   85      1 85A1 93.05  6.95       49,61      0.64 9.199 3.961 -0.248 2.0
   85      2 85A1 93.05  6.95       52,62      0.48 9.199 3.961 -0.248 2.0
   89      1 89A1  6.52 93.48       60,83      0.74 9.328 3.046  0.707 2.0

States multiplicity: 
- 0 Singlet states:  []
- 0 Doublet states:  []
- 9 Triplet states:  [1, 2, 3, 4, 5, 6, 7, 8, 9]
- 0 Quartet states:  []
- 0 Quintet states:  []
 
--------------------------------
 IMPROVED ACTIVE SPACE BY SOC AND L
--------------------------------
Initial active space (HOMO = 61 ): [ 4 , 4 ] ; [59, 60, 61, 62]
Final active space (HOMO = 61 ): [ 12 , 12 ] ; [44, 49, 51, 52, 59, 60, 61, 62, 63, 69, 74, 83]
 
